64
Euplatypus_hintzi            0.0000000 0.0671602 1.9058316 1.2617370 2.0026833 8.9999981 1.3227079 1.1404386 2.0081946 2.0578213 1.0535632 1.4251519 2.2622923 1.1428748 1.9083544 2.0068744 1.5630369 1.5716708 1.1916826 1.2617352 1.3935615 2.0422699 2.0567497 1.2431366 1.2758779 1.2689640 1.2838265 1.7647942 1.2926165 1.2688187 1.2094103 1.1999656 1.8318291 8.9999985 1.5574517 1.2553922 2.0915660 1.3036574 1.8942624 1.2970895 1.1751616 1.1449953 1.2947733 1.1490487 1.5290437 1.8297762 8.9999982 1.1826633 1.2436737 1.2285438 1.0134399 0.5475059 0.4466025 0.6791114 1.0584456 1.0633890 1.2203906 0.8547170 0.9992412 1.0973064 0.3592948 1.0692249 1.0822233 1.4904158 
Euplatypus_parallelus        0.0671602 0.0000000 1.9797367 1.4100228 1.9636065 8.9999990 1.5220561 1.3275577 1.9459921 1.9866868 1.2305254 1.6099576 2.2104895 1.3522087 2.0117960 2.0943357 1.5913860 1.5424748 1.4000050 1.4090366 1.5117074 2.0253731 2.0776597 1.3801162 1.3905465 1.4395796 1.4882994 1.7664508 1.3650279 1.4447886 1.3844471 1.3901772 1.8843001 8.9999988 1.6439513 1.4487387 2.1003104 1.4774062 1.9031272 1.4797690 1.3149042 1.3354887 1.4007923 1.3057155 1.6333921 1.7380749 8.9999980 1.3359554 1.3700712 1.4630932 1.1464654 0.7326486 0.5614140 0.8044616 1.2237594 1.2888262 1.4560771 1.1990635 1.1237647 1.2082788 0.5393575 1.0631030 1.2613589 1.6327110 
Dynamis_borassi              1.9058316 1.9797367 0.0000000 0.0731293 0.0824596 0.7541691 0.2627720 0.2821233 0.4336647 0.4625868 0.2693106 0.4406738 0.3276602 0.2013183 0.2373754 0.2470298 0.2602408 0.2937149 0.2669777 0.2669777 0.2800083 0.2647568 0.2572081 0.2399084 0.2541814 0.2601162 0.1921660 0.1506691 0.1765186 0.1742287 0.1724172 0.1785964 0.1752297 1.8594096 0.2368769 0.2468570 0.1824310 0.0668124 0.2059914 0.3066570 0.3019813 0.3258689 0.2629211 0.3641951 0.0597455 0.4432227 2.0289232 0.0608582 9.0000000 9.0000000 9.0000000 9.0000000 9.0000000 9.0000000 9.0000000 9.0000000 9.0000000 9.0000000 9.0000000 9.0000000 9.0000000 9.0000000 9.0000000 9.0000000 
Rhynchophorus_cruentatus_1   1.2617370 1.4100228 0.0731293 0.0000000 0.0895141 0.6495008 0.3262018 0.3363208 0.4995436 0.5420972 0.3058155 0.4810244 0.3460784 0.2693486 0.2535801 0.2671258 0.2652945 0.3263831 0.2909297 0.2932654 0.3261795 0.2721050 0.2728944 0.2730529 0.2761766 0.2816616 0.2452290 0.1498451 0.2428009 0.2394054 0.2284806 0.2294611 0.1836488 2.1941540 0.2918917 0.2805619 0.1878683 0.1100824 0.2078430 0.3341999 0.3010610 0.3178187 0.3063291 0.3261911 0.1182193 0.4524646 2.0941346 0.1054000 0.3098793 0.4954902 0.3956010 0.3065980 0.2468571 0.3177122 0.5204338 0.3359237 0.4395507 0.0495993 0.4984163 0.5217830 0.0733459 0.0722729 0.8343203 0.6736115 
Rhynchophorus_cruentatus_2   2.0026833 1.9636065 0.0824596 0.0895141 0.0000000 0.5551801 0.2508435 0.2851041 0.4389997 0.5325170 0.2936475 0.4083710 0.3152957 0.2259529 0.2502338 0.2575416 0.2639866 0.2912384 0.2452825 0.2452825 0.2864011 0.2431367 0.2556907 0.2223750 0.2302626 0.2452650 0.2027257 0.1497006 0.1739768 0.1884756 0.1619776 0.1651347 0.1762515 1.4316266 0.2241727 0.2334160 0.1786366 0.0842043 0.1620911 0.3100226 0.3104416 0.3258211 0.2462341 0.3371828 0.0806121 0.4065575 1.8117654 0.0771866 9.0000000 9.0000000 9.0000000 9.0000000 9.0000000 9.0000000 9.0000000 9.0000000 9.0000000 9.0000000 9.0000000 9.0000000 9.0000000 9.0000000 9.0000000 9.0000000 
Rhynchophorus_phoenicis      8.9999981 8.9999990 0.7541691 0.6495008 0.5551801 0.0000000 2.3113097 2.1107636 3.5501362 3.9131658 2.2655006 2.9464183 2.5657333 1.8843156 1.8435836 1.8943972 1.8647118 2.3504877 2.1154745 2.1154745 2.2974717 1.9660170 1.9715962 1.8986342 1.7950420 2.0729363 1.3346050 1.0044300 1.3499133 1.3581726 1.3935306 1.4262893 1.3293466 1.8133224 1.8051279 1.8802131 1.2489891 0.7504270 1.1123102 2.5851162 2.9276735 2.5078520 2.2444856 2.9025338 0.6462863 4.3103776 1.5219062 0.8911158 9.0000000 9.0000000 9.0000000 9.0000000 9.0000000 9.0000000 9.0000000 9.0000000 9.0000000 9.0000000 9.0000000 9.0000000 9.0000000 9.0000000 9.0000000 9.0000000 
Orthognathus_lividus         1.3227079 1.5220561 0.2627720 0.3262018 0.2508435 2.3113097 0.0000000 0.1318214 0.3071022 0.3589779 0.1787180 0.3191178 0.2398067 0.2598063 0.3299298 0.3409040 0.2551408 0.3527695 0.2913397 0.3025492 0.3416844 0.2648887 0.2745124 0.3019862 0.2857612 0.2877782 0.3106510 0.2059109 0.2793496 0.2925726 0.2662206 0.2667268 0.2018887 1.8468024 0.2893251 0.2886401 0.2300567 0.3016217 0.2306238 0.2616857 0.2234426 0.2488989 0.3042230 0.2348254 0.3381431 0.3724127 1.6544982 0.3327030 0.6591186 0.3630531 0.4791841 0.1740261 0.1756077 0.2087179 0.6288881 0.4975313 0.5865747 0.1523175 0.5044289 0.5843034 0.0661725 0.3890446 0.6262534 0.9034157 
Mesocordylus_bracteolatus    1.1404386 1.3275577 0.2821233 0.3363208 0.2851041 2.1107636 0.1318214 0.0000000 0.2640507 0.2897218 0.1571958 0.2907556 0.2306982 0.2566729 0.3120520 0.3183654 0.2280607 0.3366783 0.2720273 0.2840385 0.3233241 0.2773786 0.2723837 0.2656180 0.2670614 0.2819857 0.2702724 0.2063757 0.2579632 0.2591978 0.2363739 0.2370830 0.1968623 1.7793419 0.2507727 0.2508107 0.2208512 0.3079726 0.2479322 0.2672747 0.2086156 0.2281662 0.2647980 0.1932771 0.3425892 0.3693169 1.6623236 0.3223473 0.7104765 0.3922908 0.4531016 0.1233126 0.1689086 0.1672592 0.5542103 0.4706089 0.5258091 0.0789207 0.4918593 0.5344903 0.0256817 0.4663613 0.5980647 0.8883214 
Rhinostomus_barbirostrisUSNM 2.0081946 1.9459921 0.4336647 0.4995436 0.4389997 3.5501362 0.3071022 0.2640507 0.0000000 0.0304294 0.2590083 0.2721702 0.3420799 0.3022948 0.3877223 0.4060827 0.3268989 0.3797053 0.2807013 0.2807013 0.3471218 0.3413339 0.3547970 0.3011642 0.2916854 0.3601815 0.3591664 0.2872042 0.2847519 0.3109328 0.2750696 0.2842243 0.2807090 2.7942197 0.3262796 0.3391219 0.3138270 0.4244443 0.3897387 0.3668342 0.3207774 0.3513826 0.3339754 0.3303004 0.4673065 0.3827716 1.7367189 0.4218479 9.0000000 9.0000000 9.0000000 9.0000000 9.0000000 9.0000000 9.0000000 9.0000000 9.0000000 9.0000000 9.0000000 9.0000000 9.0000000 9.0000000 9.0000000 9.0000000 
Rhinostomus_barbirostris_2   2.0578213 1.9866868 0.4625868 0.5420972 0.5325170 3.9131658 0.3589779 0.2897218 0.0304294 0.0000000 0.3065953 0.2991632 0.3774065 0.3732993 0.3975270 0.4068168 0.3696498 0.3840583 0.3530117 0.3530117 0.4012202 0.3833018 0.4082535 0.3569607 0.3561223 0.4020615 0.3939735 0.3345525 0.3429034 0.3632054 0.3261464 0.3385808 0.3266486 2.8683317 0.3645493 0.3829910 0.3595600 0.5772689 0.4314195 0.4678533 0.4105230 0.4444756 0.4293284 0.4079674 0.5364809 0.4568421 2.0093189 0.4633269 9.0000000 9.0000000 9.0000000 9.0000000 9.0000000 9.0000000 9.0000000 9.0000000 9.0000000 9.0000000 9.0000000 9.0000000 9.0000000 9.0000000 9.0000000 9.0000000 
Sipalinus_gigas              1.0535632 1.2305254 0.2693106 0.3058155 0.2936475 2.2655006 0.1787180 0.1571958 0.2590083 0.3065953 0.0000000 0.2260931 0.3087345 0.2285242 0.2768860 0.2835068 0.2341351 0.3423952 0.2680611 0.2718090 0.3100963 0.2783951 0.2757048 0.2643982 0.2710247 0.2847216 0.2583899 0.2124662 0.2567844 0.2500583 0.2283709 0.2291254 0.2026875 1.6209547 0.2724707 0.2500816 0.2289696 0.3069191 0.2895515 0.2408682 0.2197315 0.2050180 0.2797210 0.2301507 0.3264241 0.3797191 1.7363378 0.3234940 0.4314572 0.2999933 0.2612611 0.1481562 0.1271991 0.1345736 0.3258443 0.3174973 0.3361026 0.1063654 0.2852853 0.3197283 0.0000010 0.3311681 0.3536752 0.5633175 
Yuccaborus_frontalis         1.4251519 1.6099576 0.4406738 0.4810244 0.4083710 2.9464183 0.3191178 0.2907556 0.2721702 0.2991632 0.2260931 0.0000000 0.5263970 0.3085055 0.4613763 0.4149450 0.4963182 0.4282277 0.3557859 0.3605886 0.4061045 0.4229005 0.4621991 0.3346621 0.3618871 0.3690339 0.3493053 0.3739276 0.3642630 0.3534200 0.3149381 0.3212593 0.3758701 2.8278839 0.4075427 0.3572435 0.4266377 0.4267969 0.4486760 0.3627868 0.2867603 0.3201661 0.3563417 0.2980218 0.5140000 0.4794942 2.8263534 0.4356269 0.7492737 0.3270906 0.4246168 0.1586397 0.1493267 0.1594229 0.4714489 0.4082391 0.4785922 0.1798237 0.3662325 0.4553479 0.0818570 0.5501469 0.4997692 0.8050103 
Rhabdoscelus_obscurus        2.2622923 2.2104895 0.3276602 0.3460784 0.3152957 2.5657333 0.2398067 0.2306982 0.3420799 0.3774065 0.3087345 0.5263970 0.0000000 0.2347918 0.2649689 0.2895862 0.2092827 0.1975190 0.2062017 0.2062017 0.2038022 0.2010406 0.1978723 0.1787536 0.1899588 0.1893728 0.2501921 0.1630382 0.1993892 0.2051879 0.1946599 0.1982115 0.2019345 2.1294006 0.2202896 0.2267728 0.2244092 0.3454938 0.2075110 0.4106575 0.2702830 0.3117705 0.1799022 0.2920140 0.3301043 0.3089845 1.3489185 0.3375105 9.0000000 9.0000000 9.0000000 9.0000000 9.0000000 9.0000000 9.0000000 9.0000000 9.0000000 9.0000000 9.0000000 9.0000000 9.0000000 9.0000000 9.0000000 9.0000000 
Polytus_mellerborgii         1.1428748 1.3522087 0.2013183 0.2693486 0.2259529 1.8843156 0.2598063 0.2566729 0.3022948 0.3732993 0.2285242 0.3085055 0.2347918 0.0000000 0.2515924 0.2596639 0.2285608 0.2832967 0.2445187 0.2512926 0.2627292 0.2325648 0.2363464 0.2221947 0.2553800 0.2123951 0.1412015 0.1407231 0.1496314 0.1330363 0.1216216 0.1254523 0.1421360 1.2083407 0.2064886 0.1972217 0.1746475 0.2242665 0.2597546 0.2707761 0.2213775 0.2304382 0.2409486 0.2530169 0.2497337 0.3289834 1.4599398 0.2243409 0.4348767 0.2831384 0.2775144 0.1712398 0.1477987 0.1801319 0.1573174 0.2233059 0.3783142 0.0780441 0.2997946 0.1700675 0.0383407 0.3080903 0.5417954 0.7253608 
Scyphophorus_yuccae          1.9083544 2.0117960 0.2373754 0.2535801 0.2502338 1.8435836 0.3299298 0.3120520 0.3877223 0.3975270 0.2768860 0.4613763 0.2649689 0.2515924 0.0000000 0.0113837 0.2683890 0.2786324 0.2506670 0.2506670 0.2608999 0.2751076 0.2677192 0.2443309 0.2546286 0.2432978 0.2102409 0.1432363 0.1788028 0.1862165 0.1762264 0.1787710 0.1753534 1.8283427 0.2612581 0.2722318 0.1856986 0.2738370 0.2676094 0.3976456 0.2963953 0.3525965 0.2590829 0.3267897 0.2586540 0.4227914 1.7618390 0.2503534 9.0000000 9.0000000 9.0000000 9.0000000 9.0000000 9.0000000 9.0000000 9.0000000 9.0000000 9.0000000 9.0000000 9.0000000 9.0000000 9.0000000 9.0000000 9.0000000 
Scyphophorus_acupunctatus    2.0068744 2.0943357 0.2470298 0.2671258 0.2575416 1.8943972 0.3409040 0.3183654 0.4060827 0.4068168 0.2835068 0.4149450 0.2895862 0.2596639 0.0113837 0.0000000 0.2859700 0.2765569 0.2487488 0.2487488 0.2766550 0.2594331 0.2772089 0.2426062 0.2525793 0.2663974 0.2156585 0.1434533 0.1827208 0.1953509 0.1823129 0.1848128 0.1787766 1.9066533 0.2620819 0.2727170 0.1922924 0.2728437 0.2901373 0.3942515 0.3043816 0.3446031 0.2577321 0.3305011 0.2580712 0.4130247 1.7523429 0.2498982 9.0000000 9.0000000 9.0000000 9.0000000 9.0000000 9.0000000 9.0000000 9.0000000 9.0000000 9.0000000 9.0000000 9.0000000 9.0000000 9.0000000 9.0000000 9.0000000 
Metamasius_callizona         1.5630369 1.5913860 0.2602408 0.2652945 0.2639866 1.8647118 0.2551408 0.2280607 0.3268989 0.3696498 0.2341351 0.4963182 0.2092827 0.2285608 0.2683890 0.2859700 0.0000000 0.0882476 0.0676878 0.0676878 0.0536626 0.0704918 0.0491027 0.0705441 0.0228774 0.0576081 0.1820293 0.1400500 0.1466862 0.1507751 0.1523941 0.1527190 0.1413771 2.0876692 0.1998362 0.1991776 0.1671474 0.3055197 0.2068925 0.2917482 0.2778580 0.3003830 0.1008168 0.2726287 0.2805630 0.1424275 0.3521796 0.2811250 9.0000000 9.0000000 9.0000000 9.0000000 9.0000000 9.0000000 9.0000000 9.0000000 9.0000000 9.0000000 9.0000000 9.0000000 9.0000000 9.0000000 9.0000000 9.0000000 
Cactophagus_sp_1             1.5716708 1.5424748 0.2937149 0.3263831 0.2912384 2.3504877 0.3527695 0.3366783 0.3797053 0.3840583 0.3423952 0.4282277 0.1975190 0.2832967 0.2786324 0.2765569 0.0882476 0.0000000 0.0631513 0.0655756 0.0691782 0.0613082 0.0528256 0.0574710 0.0575006 0.0872853 0.2594859 0.1751741 0.2521076 0.2483486 0.2346679 0.2366477 0.1841824 2.0967191 0.2755502 0.2904723 0.2179792 0.3015207 0.2531843 0.3089260 0.2415493 0.2777679 0.0863844 0.2632538 0.3035890 0.0827120 0.3014500 0.3063150 0.9171994 0.8941093 0.5105258 0.2715416 0.4052603 0.2574083 0.7212338 0.3655437 0.0400071 0.0000010 0.3862884 0.6901906 0.0000010 0.3106996 1.0032051 0.0401887 
Sphenophorus_brunnipennis_1  1.1916826 1.4000050 0.2669777 0.2909297 0.2452825 2.1154745 0.2913397 0.2720273 0.2807013 0.3530117 0.2680611 0.3557859 0.2062017 0.2445187 0.2506670 0.2487488 0.0676878 0.0631513 0.0000000 0.0013524 0.0509997 0.0689196 0.0615485 0.0549934 0.0454224 0.0776191 0.2253193 0.1506113 0.2106923 0.2020224 0.1866534 0.1878827 0.1451481 1.8733630 0.2404962 0.2472463 0.1943930 0.2818756 0.2331024 0.2707257 0.2077111 0.2267161 0.0823528 0.2281024 0.2926007 0.0820972 0.3248350 0.2756647 0.7159963 0.3924338 0.2961203 0.2035966 0.2180076 0.2021651 0.4603802 0.2796189 0.0658328 0.0496897 0.3070241 0.4577537 0.0808214 0.2119203 0.6653333 0.0687663 
Sphenophorus_brunnipennis_2  1.2617352 1.4090366 0.2669777 0.2932654 0.2452825 2.1154745 0.3025492 0.2840385 0.2807013 0.3530117 0.2718090 0.3605886 0.2062017 0.2512926 0.2506670 0.2487488 0.0676878 0.0655756 0.0013524 0.0000000 0.0538766 0.0689196 0.0615485 0.0569831 0.0465842 0.0801196 0.2299228 0.1506113 0.2170701 0.2115740 0.1881438 0.1934569 0.1451481 1.8733630 0.2476901 0.2528943 0.1943930 0.2864773 0.2331024 0.2756335 0.2099837 0.2324425 0.0843207 0.2298095 0.2952297 0.0834580 0.3248350 0.2827646 0.7172706 0.3924338 0.2938957 0.2112293 0.2180076 0.2089258 0.4786525 0.2967862 0.0736520 0.0510947 0.3268783 0.4752988 0.0832889 0.2634109 0.6700785 0.0759267 
Sphenophorus_venatus         1.3935615 1.5117074 0.2800083 0.3261795 0.2864011 2.2974717 0.3416844 0.3233241 0.3471218 0.4012202 0.3100963 0.4061045 0.2038022 0.2627292 0.2608999 0.2766550 0.0536626 0.0691782 0.0509997 0.0538766 0.0000000 0.0894252 0.0738287 0.0747567 0.0599148 0.0757039 0.2485272 0.1587283 0.2289822 0.2328526 0.2265699 0.2266195 0.1624186 1.8935128 0.2485721 0.2627695 0.1958120 0.2958849 0.2407906 0.3313395 0.2582351 0.2947010 0.0969019 0.2669930 0.3174510 0.0969750 0.4335850 0.3037904 0.7065531 0.5140692 0.3670066 0.2560986 0.3198108 0.2605654 0.5186261 0.3347648 0.0869278 0.1417671 0.3713299 0.5153442 0.1703119 0.3108212 0.7811728 0.0524560 
Rhodobaenus_cf_nawardii      2.0422699 2.0253731 0.2647568 0.2721050 0.2431367 1.9660170 0.2648887 0.2773786 0.3413339 0.3833018 0.2783951 0.4229005 0.2010406 0.2325648 0.2751076 0.2594331 0.0704918 0.0613082 0.0689196 0.0689196 0.0894252 0.0000000 0.0168200 0.0458629 0.0535685 0.0884327 0.1980114 0.1462834 0.1591141 0.1675324 0.1484711 0.1513681 0.1557278 1.8557847 0.2167692 0.2162040 0.1817396 0.2770778 0.2342872 0.2729831 0.2611551 0.2731746 0.0713602 0.2651283 0.2624598 0.1003573 0.1283014 0.2592411 9.0000000 9.0000000 9.0000000 9.0000000 9.0000000 9.0000000 9.0000000 9.0000000 9.0000000 9.0000000 9.0000000 9.0000000 9.0000000 9.0000000 9.0000000 9.0000000 
Rhodobaenus_nigrofasciatus   2.0567497 2.0776597 0.2572081 0.2728944 0.2556907 1.9715962 0.2745124 0.2723837 0.3547970 0.4082535 0.2757048 0.4621991 0.1978723 0.2363464 0.2677192 0.2772089 0.0491027 0.0528256 0.0615485 0.0615485 0.0738287 0.0168200 0.0000000 0.0337315 0.0397189 0.0735150 0.1808726 0.1419597 0.1506187 0.1523908 0.1470463 0.1501519 0.1554112 1.9816699 0.2127111 0.2121089 0.1775919 0.3071884 0.2392346 0.2873128 0.2711938 0.2825416 0.0659534 0.2597437 0.2854280 0.0932038 0.0685544 0.2919964 9.0000000 9.0000000 9.0000000 9.0000000 9.0000000 9.0000000 9.0000000 9.0000000 9.0000000 9.0000000 9.0000000 9.0000000 9.0000000 9.0000000 9.0000000 9.0000000 
Metamasius_distortus         1.2431366 1.3801162 0.2399084 0.2730529 0.2223750 1.8986342 0.3019862 0.2656180 0.3011642 0.3569607 0.2643982 0.3346621 0.1787536 0.2221947 0.2443309 0.2426062 0.0705441 0.0574710 0.0549934 0.0569831 0.0747567 0.0458629 0.0337315 0.0000000 0.0497815 0.0695749 0.2115539 0.1449074 0.2092599 0.1979025 0.1827537 0.1800305 0.1485916 1.7098457 0.2302205 0.2375021 0.2007447 0.2547211 0.2139549 0.2820302 0.2150781 0.2308907 0.0661197 0.2099202 0.2626748 0.0890377 0.1653295 0.2423714 0.5291778 0.3800522 0.3157166 0.1742824 0.2041390 0.1815973 0.3911923 0.2845428 0.0806641 0.0243242 0.2933398 0.3715771 0.0669966 0.2241163 0.6470068 0.1348636 
Metamasius_sp_USNM           1.2758779 1.3905465 0.2541814 0.2761766 0.2302626 1.7950420 0.2857612 0.2670614 0.2916854 0.3561223 0.2710247 0.3618871 0.1899588 0.2553800 0.2546286 0.2525793 0.0228774 0.0575006 0.0454224 0.0465842 0.0599148 0.0535685 0.0397189 0.0497815 0.0000000 0.0696485 0.2285602 0.1536904 0.2244369 0.2118580 0.2056170 0.2044659 0.1407731 1.9124976 0.2289556 0.2373037 0.1924982 0.2654021 0.2246789 0.2723075 0.2071310 0.2348583 0.0792531 0.2101999 0.2725315 0.0849408 0.2182411 0.2514246 0.6724032 0.3950925 0.2989849 0.1910629 0.2149370 0.1912819 0.4973329 0.2906317 0.0685424 0.0491573 0.2903067 0.4846513 0.0669736 0.2463318 0.6974474 0.0782863 
Metamasius_hemipterus        1.2689640 1.4395796 0.2601162 0.2816616 0.2452650 2.0729363 0.2877782 0.2819857 0.3601815 0.4020615 0.2847216 0.3690339 0.1893728 0.2123951 0.2432978 0.2663974 0.0576081 0.0872853 0.0776191 0.0801196 0.0757039 0.0884327 0.0735150 0.0695749 0.0696485 0.0000000 0.2153361 0.1499378 0.2059303 0.1978677 0.1961864 0.2007965 0.1474894 1.7730925 0.2268591 0.2299449 0.1802436 0.2530411 0.2403518 0.2928307 0.2155980 0.2530567 0.1023259 0.2289416 0.2619393 0.1317138 0.4649711 0.2456391 0.5686981 0.3916419 0.3277996 0.1919146 0.1916357 0.1948106 0.4303523 0.2399926 0.1141254 0.0761541 0.2409242 0.4284649 0.0817603 0.2465483 0.6325762 0.1615846 
Sitophilus_linearis          1.2838265 1.4882994 0.1921660 0.2452290 0.2027257 1.3346050 0.3106510 0.2702724 0.3591664 0.3939735 0.2583899 0.3493053 0.2501921 0.1412015 0.2102409 0.2156585 0.1820293 0.2594859 0.2253193 0.2299228 0.2485272 0.1980114 0.1808726 0.2115539 0.2285602 0.2153361 0.0000000 0.0319795 0.0348179 0.0309029 0.0317975 0.0326387 0.0421837 1.4977950 0.2129756 0.1894404 0.0096684 0.2403084 0.2062222 0.2419034 0.2176429 0.2254944 0.2085758 0.2300540 0.2775558 0.3360949 1.5803985 0.2689660 0.5607358 0.3251141 0.2793537 0.1704281 0.1367511 0.1760418 0.0425995 0.3229017 0.3785471 0.1076275 0.3027440 0.0490423 0.0660720 0.2853177 0.5597923 0.7492665 
Sitophilus_oryzae            1.7647942 1.7664508 0.1506691 0.1498451 0.1497006 1.0044300 0.2059109 0.2063757 0.2872042 0.3345525 0.2124662 0.3739276 0.1630382 0.1407231 0.1432363 0.1434533 0.1400500 0.1751741 0.1506113 0.1506113 0.1587283 0.1462834 0.1419597 0.1449074 0.1536904 0.1499378 0.0319795 0.0000000 0.0075545 0.0075681 0.0000010 0.0018689 0.0153423 0.8031260 0.1644556 0.1707179 0.0318947 0.1754369 0.1538730 0.2330704 0.2152382 0.2234522 0.1558065 0.2294686 0.1640096 0.2932083 1.0954238 0.1620933 9.0000000 9.0000000 9.0000000 9.0000000 9.0000000 9.0000000 9.0000000 9.0000000 9.0000000 9.0000000 9.0000000 9.0000000 9.0000000 9.0000000 9.0000000 9.0000000 
Sitophilus_granarius_1       1.2926165 1.3650279 0.1765186 0.2428009 0.1739768 1.3499133 0.2793496 0.2579632 0.2847519 0.3429034 0.2567844 0.3642630 0.1993892 0.1496314 0.1788028 0.1827208 0.1466862 0.2521076 0.2106923 0.2170701 0.2289822 0.1591141 0.1506187 0.2092599 0.2244369 0.2059303 0.0348179 0.0075545 0.0000000 0.0114139 0.0161220 0.0243918 0.0187965 1.1820584 0.2137156 0.2029992 0.0250013 0.2520645 0.1744447 0.2465540 0.2143658 0.2341755 0.2044012 0.2279173 0.2738426 0.2788036 1.0218829 0.2640056 0.5423908 0.3701970 0.3414994 0.2386349 0.1967671 0.2186302 0.0333307 0.3634417 0.4203305 0.1664310 0.3415356 0.0496012 0.0870145 0.3445729 0.6094016 0.7353561 
Sitophilus_granarius_2       1.2688187 1.4447886 0.1742287 0.2394054 0.1884756 1.3581726 0.2925726 0.2591978 0.3109328 0.3632054 0.2500583 0.3534200 0.2051879 0.1330363 0.1862165 0.1953509 0.1507751 0.2483486 0.2020224 0.2115740 0.2328526 0.1675324 0.1523908 0.1979025 0.2118580 0.1978677 0.0309029 0.0075681 0.0114139 0.0000000 0.0144255 0.0184402 0.0202496 1.3374729 0.1908382 0.1733572 0.0312173 0.2360241 0.1735741 0.2434125 0.2132462 0.2156545 0.1934354 0.2224722 0.2721600 0.3018988 1.2070588 0.2563388 0.4873277 0.3196876 0.2984498 0.1947804 0.1290697 0.1805081 0.0256442 0.3296101 0.4007525 0.1233294 0.3138559 0.0499260 0.0662173 0.3615439 0.5716810 0.7450528 
Sitophilus_granarius_3       1.2094103 1.3844471 0.1724172 0.2284806 0.1619776 1.3935306 0.2662206 0.2363739 0.2750696 0.3261464 0.2283709 0.3149381 0.1946599 0.1216216 0.1762264 0.1823129 0.1523941 0.2346679 0.1866534 0.1881438 0.2265699 0.1484711 0.1470463 0.1827537 0.2056170 0.1961864 0.0317975 0.0000010 0.0161220 0.0144255 0.0000000 0.0107096 0.0223764 1.0711712 0.1794855 0.1687296 0.0364168 0.2200806 0.1643757 0.2208149 0.1880885 0.2027117 0.1796320 0.2071344 0.2491026 0.2637030 0.9869392 0.2372584 0.5089591 0.3036052 0.2937243 0.1949038 0.1377397 0.1677782 0.0027794 0.3365980 0.4066105 0.1395411 0.3128760 0.0258938 0.0808749 0.3032275 0.5945030 0.7583400 
Sitophilus_zeamais           1.1999656 1.3901772 0.1785964 0.2294611 0.1651347 1.4262893 0.2667268 0.2370830 0.2842243 0.3385808 0.2291254 0.3212593 0.1982115 0.1254523 0.1787710 0.1848128 0.1527190 0.2366477 0.1878827 0.1934569 0.2266195 0.1513681 0.1501519 0.1800305 0.2044659 0.2007965 0.0326387 0.0018689 0.0243918 0.0184402 0.0107096 0.0000000 0.0223165 1.0953100 0.1854297 0.1713060 0.0379478 0.2237720 0.1675243 0.2140066 0.1896567 0.1991354 0.1776476 0.1994812 0.2566521 0.2675831 1.0041184 0.2398029 0.4879194 0.3065313 0.2652210 0.1656987 0.1291709 0.1710506 0.0310526 0.3398887 0.3775396 0.0789338 0.2883965 0.0316091 0.0383407 0.3375447 0.5833762 0.7444326 
Sitophilus_sp_               1.8318291 1.8843001 0.1752297 0.1836488 0.1762515 1.3293466 0.2018887 0.1968623 0.2807090 0.3266486 0.2026875 0.3758701 0.2019345 0.1421360 0.1753534 0.1787766 0.1413771 0.1841824 0.1451481 0.1451481 0.1624186 0.1557278 0.1554112 0.1485916 0.1407731 0.1474894 0.0421837 0.0153423 0.0187965 0.0202496 0.0223764 0.0223165 0.0000000 1.0980342 0.1687088 0.1710540 0.0356206 0.1983409 0.1724948 0.2069501 0.1981393 0.2366012 0.1649998 0.2146301 0.1848893 0.2631393 1.0405212 0.1867526 9.0000000 9.0000000 9.0000000 9.0000000 9.0000000 9.0000000 9.0000000 9.0000000 9.0000000 9.0000000 9.0000000 9.0000000 9.0000000 9.0000000 9.0000000 9.0000000 
Diocalandra_frumenti         8.9999985 8.9999988 1.8594096 2.1941540 1.4316266 1.8133224 1.8468024 1.7793419 2.7942197 2.8683317 1.6209547 2.8278839 2.1294006 1.2083407 1.8283427 1.9066533 2.0876692 2.0967191 1.8733630 1.8733630 1.8935128 1.8557847 1.9816699 1.7098457 1.9124976 1.7730925 1.4977950 0.8031260 1.1820584 1.3374729 1.0711712 1.0953100 1.0980342 0.0000000 1.4343951 1.4638784 1.2184587 1.6821956 1.9195494 2.0710278 1.8325031 2.3292697 1.8680560 2.2120039 1.5740401 3.5828302 1.6223572 2.0168980 9.0000000 9.0000000 9.0000000 9.0000000 9.0000000 9.0000000 9.0000000 9.0000000 9.0000000 9.0000000 9.0000000 9.0000000 9.0000000 9.0000000 9.0000000 9.0000000 
Cryptoderma_fortunei         1.5574517 1.6439513 0.2368769 0.2918917 0.2241727 1.8051279 0.2893251 0.2507727 0.3262796 0.3645493 0.2724707 0.4075427 0.2202896 0.2064886 0.2612581 0.2620819 0.1998362 0.2755502 0.2404962 0.2476901 0.2485721 0.2167692 0.2127111 0.2302205 0.2289556 0.2268591 0.2129756 0.1644556 0.2137156 0.1908382 0.1794855 0.1854297 0.1687088 1.4343951 0.0000000 0.0048076 0.2304730 0.2501923 0.2399213 0.3287037 0.2293948 0.2627125 0.2565986 0.2379128 0.2623693 0.2929557 1.1763379 0.2633310 9.0000000 0.1738638 0.2394452 0.2267607 0.0000010 0.2384798 0.3904590 0.3909371 0.4539930 9.0000000 0.3703148 0.3694801 9.0000000 0.3385466 0.7818391 0.5804093 
Cryptoderma_formosense       1.2553922 1.4487387 0.2468570 0.2805619 0.2334160 1.8802131 0.2886401 0.2508107 0.3391219 0.3829910 0.2500816 0.3572435 0.2267728 0.1972217 0.2722318 0.2727170 0.1991776 0.2904723 0.2472463 0.2528943 0.2627695 0.2162040 0.2121089 0.2375021 0.2373037 0.2299449 0.1894404 0.1707179 0.2029992 0.1733572 0.1687296 0.1713060 0.1710540 1.4638784 0.0048076 0.0000000 0.2326198 0.2358774 0.2462448 0.2809272 0.2068920 0.2301268 0.2483691 0.2142982 0.2695433 0.2862410 1.1441821 0.2476252 0.5167064 0.2857586 0.3326715 0.1591780 0.1399087 0.1755047 0.3036658 0.3032078 0.4506936 0.1118075 0.4249823 0.3096579 0.0686643 0.3577751 0.6465410 0.7503279 
Sitophilus_lineatus          2.0915660 2.1003104 0.1824310 0.1878683 0.1786366 1.2489891 0.2300567 0.2208512 0.3138270 0.3595600 0.2289696 0.4266377 0.2244092 0.1746475 0.1856986 0.1922924 0.1671474 0.2179792 0.1943930 0.1943930 0.1958120 0.1817396 0.1775919 0.2007447 0.1924982 0.1802436 0.0096684 0.0318947 0.0250013 0.0312173 0.0364168 0.0379478 0.0356206 1.2184587 0.2304730 0.2326198 0.0000000 0.2252290 0.1948477 0.2307515 0.2265475 0.2612895 0.2052336 0.2453440 0.1866043 0.2857130 1.2546997 0.1926872 9.0000000 9.0000000 9.0000000 9.0000000 9.0000000 9.0000000 9.0000000 9.0000000 9.0000000 9.0000000 9.0000000 9.0000000 9.0000000 9.0000000 9.0000000 9.0000000 
Rhynchophorus_palmarumUSNM   1.3036574 1.4774062 0.0668124 0.1100824 0.0842043 0.7504270 0.3016217 0.3079726 0.4244443 0.5772689 0.3069191 0.4267969 0.3454938 0.2242665 0.2738370 0.2728437 0.3055197 0.3015207 0.2818756 0.2864773 0.2958849 0.2770778 0.3071884 0.2547211 0.2654021 0.2530411 0.2403084 0.1754369 0.2520645 0.2360241 0.2200806 0.2237720 0.1983409 1.6821956 0.2501923 0.2358774 0.2252290 0.0000000 0.2063829 0.3088087 0.2675042 0.2608176 0.2773955 0.2888742 0.0408877 0.3552633 1.9209303 0.0330112 0.1825637 0.4199272 0.4429872 0.2097556 0.2206829 0.2378951 0.4069770 0.2305589 0.3382492 0.1424096 0.3990042 0.4066590 0.1517332 0.0912954 0.6860223 0.4711536 
Cosmoplites_sordidus         1.8942624 1.9031272 0.2059914 0.2078430 0.1620911 1.1123102 0.2306238 0.2479322 0.3897387 0.4314195 0.2895515 0.4486760 0.2075110 0.2597546 0.2676094 0.2901373 0.2068925 0.2531843 0.2331024 0.2331024 0.2407906 0.2342872 0.2392346 0.2139549 0.2246789 0.2403518 0.2062222 0.1538730 0.1744447 0.1735741 0.1643757 0.1675243 0.1724948 1.9195494 0.2399213 0.2462448 0.1948477 0.2063829 0.0000000 0.3634506 0.3414129 0.3259355 0.2364225 0.3292822 0.2015495 0.3945193 1.6138891 0.1993841 9.0000000 9.0000000 9.0000000 9.0000000 9.0000000 9.0000000 9.0000000 9.0000000 9.0000000 9.0000000 9.0000000 9.0000000 9.0000000 9.0000000 9.0000000 9.0000000 
Nephius_sp_                  1.2970895 1.4797690 0.3066570 0.3341999 0.3100226 2.5851162 0.2616857 0.2672747 0.3668342 0.4678533 0.2408682 0.3627868 0.4106575 0.2707761 0.3976456 0.3942515 0.2917482 0.3089260 0.2707257 0.2756335 0.3313395 0.2729831 0.2873128 0.2820302 0.2723075 0.2928307 0.2419034 0.2330704 0.2465540 0.2434125 0.2208149 0.2140066 0.2069501 2.0710278 0.3287037 0.2809272 0.2307515 0.3088087 0.3634506 0.0000000 0.1927598 0.2191229 0.2643314 0.2168073 0.3185863 0.3407507 1.8180344 0.2964081 0.3636435 0.3564270 0.2539447 0.1379983 0.1464544 0.1364080 0.2933780 0.2959731 0.3063225 0.1869594 0.2446034 0.2879515 0.0513980 0.4263107 0.4012237 0.4316975 
Orthosinus                   1.1751616 1.3149042 0.3019813 0.3010610 0.3104416 2.9276735 0.2234426 0.2086156 0.3207774 0.4105230 0.2197315 0.2867603 0.2702830 0.2213775 0.2963953 0.3043816 0.2778580 0.2415493 0.2077111 0.2099837 0.2582351 0.2611551 0.2711938 0.2150781 0.2071310 0.2155980 0.2176429 0.2152382 0.2143658 0.2132462 0.1880885 0.1896567 0.1981393 1.8325031 0.2293948 0.2068920 0.2265475 0.2675042 0.3414129 0.1927598 0.0000000 0.1072347 0.1951742 0.0489129 0.3027421 0.2842373 1.9090393 0.2878570 0.2946911 0.3066495 0.1464368 0.0207112 0.0433446 0.0463629 0.1765072 0.2055856 0.1731577 0.0915291 0.1560105 0.1661159 0.0254105 0.2346765 0.2542168 0.2352644 
Dryophthorus_corticalisUSNM  1.1449953 1.3354887 0.3258689 0.3178187 0.3258211 2.5078520 0.2488989 0.2281662 0.3513826 0.4444756 0.2050180 0.3201661 0.3117705 0.2304382 0.3525965 0.3446031 0.3003830 0.2777679 0.2267161 0.2324425 0.2947010 0.2731746 0.2825416 0.2308907 0.2348583 0.2530567 0.2254944 0.2234522 0.2341755 0.2156545 0.2027117 0.1991354 0.2366012 2.3292697 0.2627125 0.2301268 0.2612895 0.2608176 0.3259355 0.2191229 0.1072347 0.0000000 0.2305514 0.1038794 0.3049678 0.3113738 1.8666385 0.2539101 0.2929284 0.2729022 0.1517740 0.0469112 0.0000010 0.0173094 0.1744610 0.2112503 0.1964954 0.0938102 0.1803065 0.1642086 0.0260386 0.2457047 0.2327771 0.2882888 
Acantharhinus_carinatus      1.2947733 1.4007923 0.2629211 0.3063291 0.2462341 2.2444856 0.3042230 0.2647980 0.3339754 0.4293284 0.2797210 0.3563417 0.1799022 0.2409486 0.2590829 0.2577321 0.1008168 0.0863844 0.0823528 0.0843207 0.0969019 0.0713602 0.0659534 0.0661197 0.0792531 0.1023259 0.2085758 0.1558065 0.2044012 0.1934354 0.1796320 0.1776476 0.1649998 1.8680560 0.2565986 0.2483691 0.2052336 0.2773955 0.2364225 0.2643314 0.1951742 0.2305514 0.0000000 0.2110889 0.2860021 0.0990001 0.3770014 0.2637631 0.5605766 0.3579378 0.3982729 0.1530726 0.1590234 0.1521254 0.3924565 0.2529263 0.1268669 0.0503001 0.2750650 0.3645604 0.0519848 0.2840067 0.6314613 0.1711130 
Stromboscerini_gen__sp_1     1.1490487 1.3057155 0.3641951 0.3261911 0.3371828 2.9025338 0.2348254 0.1932771 0.3303004 0.4079674 0.2301507 0.2980218 0.2920140 0.2530169 0.3267897 0.3305011 0.2726287 0.2632538 0.2281024 0.2298095 0.2669930 0.2651283 0.2597437 0.2099202 0.2101999 0.2289416 0.2300540 0.2294686 0.2279173 0.2224722 0.2071344 0.1994812 0.2146301 2.2120039 0.2379128 0.2142982 0.2453440 0.2888742 0.3292822 0.2168073 0.0489129 0.1038794 0.2110889 0.0000000 0.3388571 0.3079788 1.7011252 0.2940345 0.2579743 0.2750328 0.1619678 0.0000010 0.0264524 0.0573043 0.1952641 0.2025964 0.1862615 0.0699025 0.1684753 0.1758744 0.0136339 0.2885944 0.2312395 0.2642961 
Rhynchophorus_palmarum_2     1.5290437 1.6333921 0.0597455 0.1182193 0.0806121 0.6462863 0.3381431 0.3425892 0.4673065 0.5364809 0.3264241 0.5140000 0.3301043 0.2497337 0.2586540 0.2580712 0.2805630 0.3035890 0.2926007 0.2952297 0.3174510 0.2624598 0.2854280 0.2626748 0.2725315 0.2619393 0.2775558 0.1640096 0.2738426 0.2721600 0.2491026 0.2566521 0.1848893 1.5740401 0.2623693 0.2695433 0.1866043 0.0408877 0.2015495 0.3185863 0.3027421 0.3049678 0.2860021 0.3388571 0.0000000 0.3575993 1.8374853 0.0054948 0.4678678 0.7405471 0.6376424 0.3825966 0.3758133 0.3871283 0.7396384 0.4295366 0.5087788 0.5371124 0.6707007 0.8261564 0.5006309 0.1373876 0.9149447 0.5020374 
Sphenophorus_sp_1            1.8297762 1.7380749 0.4432227 0.4524646 0.4065575 4.3103776 0.3724127 0.3693169 0.3827716 0.4568421 0.3797191 0.4794942 0.3089845 0.3289834 0.4227914 0.4130247 0.1424275 0.0827120 0.0820972 0.0834580 0.0969750 0.1003573 0.0932038 0.0890377 0.0849408 0.1317138 0.3360949 0.2932083 0.2788036 0.3018988 0.2637030 0.2675831 0.2631393 3.5828302 0.2929557 0.2862410 0.2857130 0.3552633 0.3945193 0.3407507 0.2842373 0.3113738 0.0990001 0.3079788 0.3575993 0.0000000 0.5017056 0.3646498 1.1114370 0.8064555 0.5361901 0.2192424 0.2783838 0.2221940 0.6824580 0.3803532 0.1002653 0.0000010 0.4381016 0.6436718 0.0000010 0.3340137 0.8489459 0.0395390 
Cactophagus_sp_2             8.9999982 8.9999980 2.0289232 2.0941346 1.8117654 1.5219062 1.6544982 1.6623236 1.7367189 2.0093189 1.7363378 2.8263534 1.3489185 1.4599398 1.7618390 1.7523429 0.3521796 0.3014500 0.3248350 0.3248350 0.4335850 0.1283014 0.0685544 0.1653295 0.2182411 0.4649711 1.5803985 1.0954238 1.0218829 1.2070588 0.9869392 1.0041184 1.0405212 1.6223572 1.1763379 1.1441821 1.2546997 1.9209303 1.6138891 1.8180344 1.9090393 1.8666385 0.3770014 1.7011252 1.8374853 0.5017056 0.0000000 1.8313194 9.0000000 9.0000000 9.0000000 9.0000000 9.0000000 9.0000000 9.0000000 9.0000000 9.0000000 9.0000000 9.0000000 9.0000000 9.0000000 9.0000000 9.0000000 9.0000000 
Rhynchophorus_palmarum_1     1.1826633 1.3359554 0.0608582 0.1054000 0.0771866 0.8911158 0.3327030 0.3223473 0.4218479 0.4633269 0.3234940 0.4356269 0.3375105 0.2243409 0.2503534 0.2498982 0.2811250 0.3063150 0.2756647 0.2827646 0.3037904 0.2592411 0.2919964 0.2423714 0.2514246 0.2456391 0.2689660 0.1620933 0.2640056 0.2563388 0.2372584 0.2398029 0.1867526 2.0168980 0.2633310 0.2476252 0.1926872 0.0330112 0.1993841 0.2964081 0.2878570 0.2539101 0.2637631 0.2940345 0.0054948 0.3646498 1.8313194 0.0000000 0.2634088 0.4198983 0.4097499 0.2567907 0.2178851 0.2734514 0.4833391 0.2668451 0.3542821 0.1441664 0.4211391 0.5003163 0.1517332 0.1057989 0.6376238 0.5054752 
Rhynchophorus_ferrugineus    1.2436737 1.3700712 9.0000000 0.3098793 9.0000000 9.0000000 0.6591186 0.7104765 9.0000000 9.0000000 0.4314572 0.7492737 9.0000000 0.4348767 9.0000000 9.0000000 9.0000000 0.9171994 0.7159963 0.7172706 0.7065531 9.0000000 9.0000000 0.5291778 0.6724032 0.5686981 0.5607358 9.0000000 0.5423908 0.4873277 0.5089591 0.4879194 9.0000000 9.0000000 9.0000000 0.5167064 9.0000000 0.1825637 9.0000000 0.3636435 0.2946911 0.2929284 0.5605766 0.2579743 0.4678678 1.1114370 9.0000000 0.2634088 0.0000000 0.5959598 0.4864857 0.2846690 0.3517057 0.3131638 0.5089591 0.4164158 0.5964710 0.1874844 0.5042546 0.5553015 0.1728740 9.0000000 0.8182648 0.9587890 
Rhinostomus_nigra            1.2285438 1.4630932 9.0000000 0.4954902 9.0000000 9.0000000 0.3630531 0.3922908 9.0000000 9.0000000 0.2999933 0.3270906 9.0000000 0.2831384 9.0000000 9.0000000 9.0000000 0.8941093 0.3924338 0.3924338 0.5140692 9.0000000 9.0000000 0.3800522 0.3950925 0.3916419 0.3251141 9.0000000 0.3701970 0.3196876 0.3036052 0.3065313 9.0000000 9.0000000 0.1738638 0.2857586 9.0000000 0.4199272 9.0000000 0.3564270 0.3066495 0.2729022 0.3579378 0.2750328 0.7405471 0.8064555 9.0000000 0.4198983 0.5959598 0.0000000 0.3458216 0.3001581 0.3249593 0.2872622 0.3036052 0.3845727 0.3741730 0.1679439 0.4057429 0.2939697 0.1540628 0.1822359 0.3967286 0.8748261 
Trigonotarsus_rugosus        1.0134399 1.1464654 9.0000000 0.3956010 9.0000000 9.0000000 0.4791841 0.4531016 9.0000000 9.0000000 0.2612611 0.4246168 9.0000000 0.2775144 9.0000000 9.0000000 9.0000000 0.5105258 0.2961203 0.2938957 0.3670066 9.0000000 9.0000000 0.3157166 0.2989849 0.3277996 0.2793537 9.0000000 0.3414994 0.2984498 0.2937243 0.2652210 9.0000000 9.0000000 0.2394452 0.3326715 9.0000000 0.4429872 9.0000000 0.2539447 0.1464368 0.1517740 0.3982729 0.1619678 0.6376424 0.5361901 9.0000000 0.4097499 0.4864857 0.3458216 0.0000000 0.1684517 0.1222719 0.1517740 0.2937243 0.3081492 0.2877123 0.0875742 0.2397553 0.3009883 0.0420234 0.3780467 0.5425079 0.5038644 
Stromboscerini_gen__sp_2     0.5475059 0.7326486 9.0000000 0.3065980 9.0000000 9.0000000 0.1740261 0.1233126 9.0000000 9.0000000 0.1481562 0.1586397 9.0000000 0.1712398 9.0000000 9.0000000 9.0000000 0.2715416 0.2035966 0.2112293 0.2560986 9.0000000 9.0000000 0.1742824 0.1910629 0.1919146 0.1704281 9.0000000 0.2386349 0.1947804 0.1949038 0.1656987 9.0000000 9.0000000 0.2267607 0.1591780 9.0000000 0.2097556 9.0000000 0.1379983 0.0207112 0.0469112 0.1530726 0.0000010 0.3825966 0.2192424 9.0000000 0.2567907 0.2846690 0.3001581 0.1684517 0.0000000 0.0264211 0.0556150 0.1887354 0.2019111 0.1860519 0.0789338 0.1687660 0.1699476 0.0126333 0.2833475 0.2232264 0.2620070 
Dryophthorus_corticalis_1    0.4466025 0.5614140 9.0000000 0.2468571 9.0000000 9.0000000 0.1756077 0.1689086 9.0000000 9.0000000 0.1271991 0.1493267 9.0000000 0.1477987 9.0000000 9.0000000 9.0000000 0.4052603 0.2180076 0.2180076 0.3198108 9.0000000 9.0000000 0.2041390 0.2149370 0.1916357 0.1367511 9.0000000 0.1967671 0.1290697 0.1377397 0.1291709 9.0000000 9.0000000 0.0000010 0.1399087 9.0000000 0.2206829 9.0000000 0.1464544 0.0433446 0.0000010 0.1590234 0.0264524 0.3758133 0.2783838 9.0000000 0.2178851 0.3517057 0.3249593 0.1222719 0.0264211 0.0000000 0.0000010 0.1377397 0.1837848 0.2155826 0.0000010 0.1982728 0.1320505 0.0000010 0.0000010 0.2146552 0.3848770 
Dryophthorus_corticalis_2    0.6791114 0.8044616 9.0000000 0.3177122 9.0000000 9.0000000 0.2087179 0.1672592 9.0000000 9.0000000 0.1345736 0.1594229 9.0000000 0.1801319 9.0000000 9.0000000 9.0000000 0.2574083 0.2021651 0.2089258 0.2605654 9.0000000 9.0000000 0.1815973 0.1912819 0.1948106 0.1760418 9.0000000 0.2186302 0.1805081 0.1677782 0.1710506 9.0000000 9.0000000 0.2384798 0.1755047 9.0000000 0.2378951 9.0000000 0.1364080 0.0463629 0.0173094 0.1521254 0.0573043 0.3871283 0.2221940 9.0000000 0.2734514 0.3131638 0.2872622 0.1517740 0.0556150 0.0000010 0.0000000 0.1704032 0.2260028 0.1913937 0.1218951 0.1658444 0.1688678 0.0526743 0.2617163 0.2363012 0.2604498 
Sitophilus_granarius_4       1.0584456 1.2237594 9.0000000 0.5204338 9.0000000 9.0000000 0.6288881 0.5542103 9.0000000 9.0000000 0.3258443 0.4714489 9.0000000 0.1573174 9.0000000 9.0000000 9.0000000 0.7212338 0.4603802 0.4786525 0.5186261 9.0000000 9.0000000 0.3911923 0.4973329 0.4303523 0.0425995 9.0000000 0.0333307 0.0256442 0.0027794 0.0310526 9.0000000 9.0000000 0.3904590 0.3036658 9.0000000 0.4069770 9.0000000 0.2933780 0.1765072 0.1744610 0.3924565 0.1952641 0.7396384 0.6824580 9.0000000 0.4833391 0.5089591 0.3036052 0.2937243 0.1887354 0.1377397 0.1704032 0.0000000 0.3439024 0.4067902 0.1233294 0.3152516 0.0256502 0.0662173 0.3257372 0.5999132 0.7661424 
Prodioctes_formosanus        1.0633890 1.2888262 9.0000000 0.3359237 9.0000000 9.0000000 0.4975313 0.4706089 9.0000000 9.0000000 0.3174973 0.4082391 9.0000000 0.2233059 9.0000000 9.0000000 9.0000000 0.3655437 0.2796189 0.2967862 0.3347648 9.0000000 9.0000000 0.2845428 0.2906317 0.2399926 0.3229017 9.0000000 0.3634417 0.3296101 0.3365980 0.3398887 9.0000000 9.0000000 0.3909371 0.3032078 9.0000000 0.2305589 9.0000000 0.2959731 0.2055856 0.2112503 0.2529263 0.2025964 0.4295366 0.3803532 9.0000000 0.2668451 0.4164158 0.3845727 0.3081492 0.2019111 0.1837848 0.2260028 0.3439024 0.0000000 0.2560195 0.1086845 0.2408190 0.3535755 0.1170019 0.1722618 0.5377884 0.3944644 
Cactophagus_spinolae         1.2203906 1.4560771 9.0000000 0.4395507 9.0000000 9.0000000 0.5865747 0.5258091 9.0000000 9.0000000 0.3361026 0.4785922 9.0000000 0.3783142 9.0000000 9.0000000 9.0000000 0.0400071 0.0658328 0.0736520 0.0869278 9.0000000 9.0000000 0.0806641 0.0685424 0.1141254 0.3785471 9.0000000 0.4203305 0.4007525 0.4066105 0.3775396 9.0000000 9.0000000 0.4539930 0.4506936 9.0000000 0.3382492 9.0000000 0.3063225 0.1731577 0.1964954 0.1268669 0.1862615 0.5087788 0.1002653 9.0000000 0.3542821 0.5964710 0.3741730 0.2877123 0.1860519 0.2155826 0.1913937 0.4067902 0.2560195 0.0000000 0.0243242 0.2484612 0.3768414 0.0669966 0.2372842 0.6251415 0.0541986 
Tapinostethus                0.8547170 1.1990635 9.0000000 0.0495993 9.0000000 9.0000000 0.1523175 0.0789207 9.0000000 9.0000000 0.1063654 0.1798237 9.0000000 0.0780441 9.0000000 9.0000000 9.0000000 0.0000010 0.0496897 0.0510947 0.1417671 9.0000000 9.0000000 0.0243242 0.0491573 0.0761541 0.1076275 9.0000000 0.1664310 0.1233294 0.1395411 0.0789338 9.0000000 9.0000000 9.0000000 0.1118075 9.0000000 0.1424096 9.0000000 0.1869594 0.0915291 0.0938102 0.0503001 0.0699025 0.5371124 0.0000010 9.0000000 0.1441664 0.1874844 0.1679439 0.0875742 0.0789338 0.0000010 0.1218951 0.1233294 0.1086845 0.0243242 0.0000000 0.1466285 0.0971608 0.0678296 9.0000000 0.1264755 0.0000010 
Poteriophorus_uhlemanni      0.9992412 1.1237647 9.0000000 0.4984163 9.0000000 9.0000000 0.5044289 0.4918593 9.0000000 9.0000000 0.2852853 0.3662325 9.0000000 0.2997946 9.0000000 9.0000000 9.0000000 0.3862884 0.3070241 0.3268783 0.3713299 9.0000000 9.0000000 0.2933398 0.2903067 0.2409242 0.3027440 9.0000000 0.3415356 0.3138559 0.3128760 0.2883965 9.0000000 9.0000000 0.3703148 0.4249823 9.0000000 0.3990042 9.0000000 0.2446034 0.1560105 0.1803065 0.2750650 0.1684753 0.6707007 0.4381016 9.0000000 0.4211391 0.5042546 0.4057429 0.2397553 0.1687660 0.1982728 0.1658444 0.3152516 0.2408190 0.2484612 0.1466285 0.0000000 0.3149186 0.1563834 0.2069224 0.4723629 0.4320858 
