64
Diocalandra      0.0000000 0.4500096 0.3657817 0.2498403 0.2409468 0.2969630 0.1689571 0.2272313 1.2128768 0.3370689 0.2020424 0.2302140 0.2469736 0.2715544 1.6210468 1.1434471 0.2525477 0.2525477 0.2882881 0.2163271 0.2556249 1.6210468 0.3689979 0.2816093 1.6210468 0.2397497 0.1775436 0.1817597 0.2898155 0.2064232 0.2624511 0.2371115 0.2715945 0.2226606 0.2439687 0.2397518 0.2112631 1.6210468 0.2830834 0.2416716 0.5388111 0.6807831 0.2378561 0.2355074 0.2341913 0.2753106 0.1633943 0.1677952 0.1760517 0.1943758 0.1625466 0.1440931 0.1592646 9.0000000 9.0000000 9.0000000 9.0000000 9.0000000 9.0000000 9.0000000 9.0000000 9.0000000 9.0000000 9.0000000 
Rhinostomus      0.4500096 0.0000000 0.0472002 0.3847329 0.2139564 0.3199615 0.2669427 0.2947807 0.9693049 0.2410689 0.2734599 0.2428373 0.2565295 0.2728702 1.6210468 1.0097349 0.1504241 0.1504241 0.4023696 0.1865777 0.3176832 1.6210468 0.2227330 0.1667942 1.6210468 0.2549572 0.1496752 0.1531559 0.1544792 0.3070647 0.1815789 0.1428934 0.1641659 0.1708608 0.1502062 0.2229342 0.1416379 1.6210468 0.1531500 0.2519177 0.4779101 0.6807831 0.1349006 0.2585862 0.2619376 0.2737127 0.1527308 0.2168254 0.1518368 0.2493817 0.2119220 0.2072559 0.2183740 9.0000000 9.0000000 9.0000000 9.0000000 9.0000000 9.0000000 9.0000000 9.0000000 9.0000000 9.0000000 9.0000000 
Rhinostomus_2    0.3657817 0.0472002 0.0000000 0.3623074 0.1965046 0.2888358 0.2683619 0.2815233 1.0196718 0.2952138 0.3114647 0.2311627 0.2436752 0.2430769 1.6210468 1.1213634 0.2188562 0.2188562 0.4479198 0.3495576 0.2974511 1.6210468 0.2018557 0.2385855 1.6210468 0.2544005 0.2157577 0.2303970 0.2314413 0.2574941 0.2894453 0.2144926 0.2702993 0.2727845 0.2414277 0.2314526 0.2041622 1.6210468 0.2147106 0.2354320 0.5128802 0.6807831 0.2151601 0.2394236 0.2354428 0.2710640 0.2189377 0.2014880 0.2022907 0.2183616 0.2076966 0.1993253 0.2053741 9.0000000 9.0000000 9.0000000 9.0000000 9.0000000 9.0000000 9.0000000 9.0000000 9.0000000 9.0000000 9.0000000 
Rhynchophorus    0.2498403 0.3847329 0.3623074 0.0000000 0.2201449 0.1817168 0.0927865 0.1145441 1.2990696 0.3606479 0.1043040 0.2473311 0.2458751 0.2631966 2.4216445 1.2828547 0.2593970 0.2593970 0.1391217 0.1197236 0.1043512 2.4216445 0.3349384 0.2929248 2.4216445 0.2410398 0.2200389 0.2292291 0.2733835 0.1922121 0.2791346 0.2252832 0.2508518 0.2443191 0.3016645 0.2268568 0.2306556 2.4216445 0.2922178 0.2597037 0.6708796 1.4101025 0.2424497 0.2136183 0.2135589 0.2915380 0.1613333 0.1749229 0.1725664 0.1811666 0.1843988 0.1575741 0.1804112 9.0000000 9.0000000 9.0000000 9.0000000 9.0000000 9.0000000 9.0000000 9.0000000 9.0000000 9.0000000 9.0000000 
Metamasius       0.2409468 0.2139564 0.1965046 0.2201449 0.0000000 0.1461142 0.1626250 0.1709136 0.8474726 0.0712239 0.1624926 0.0504709 0.0363066 0.0517542 1.1884114 0.7592103 0.0479013 0.0479013 0.2714421 0.1859832 0.1698686 1.1884114 0.2986341 0.1555282 1.1884114 0.0416875 0.1244395 0.1151771 0.1770836 0.1227872 0.1505513 0.0194218 0.0628049 0.1728321 0.1569001 0.1506288 0.0493754 1.1884114 0.1419153 0.0482402 0.1574268 0.4732071 0.1650521 0.1319479 0.1388364 0.1406506 0.1092279 0.0974487 0.0984256 0.0947206 0.1026199 0.0874175 0.1021644 9.0000000 9.0000000 9.0000000 9.0000000 9.0000000 9.0000000 9.0000000 9.0000000 9.0000000 9.0000000 9.0000000 
Cosmoplites      0.2969630 0.3199615 0.2888358 0.1817168 0.1461142 0.0000000 0.1181498 0.1428077 0.8637304 0.2477294 0.1424916 0.1752895 0.1735925 0.1781837 1.6210468 0.8119126 0.1766285 0.1766285 0.2175056 0.1573807 0.1559952 1.6210468 0.3523321 0.1973841 1.6210468 0.1708115 0.1568164 0.1583671 0.1905385 0.1667513 0.2508646 0.1685754 0.1840835 0.2200414 0.2177941 0.1815511 0.1579103 1.6210468 0.1861907 0.1622503 0.5073340 0.6807831 0.2418104 0.1731187 0.1774471 0.1787019 0.1388655 0.1300657 0.1394724 0.1332701 0.1296611 0.1058143 0.1269201 9.0000000 9.0000000 9.0000000 9.0000000 9.0000000 9.0000000 9.0000000 9.0000000 9.0000000 9.0000000 9.0000000 
Rhynchophorus_2  0.1689571 0.2669427 0.2683619 0.0927865 0.1626250 0.1181498 0.0000000 0.0619245 0.7811705 0.2482626 0.0614819 0.1666909 0.1754261 0.1859827 1.6210468 0.9009132 0.1686391 0.1686391 0.0804054 0.0665599 0.0680828 1.6210468 0.2782322 0.2018578 1.6210468 0.1628914 0.1485479 0.1547802 0.1854417 0.1454912 0.1949165 0.1566403 0.1654700 0.1595619 0.1899285 0.1641638 0.1518915 1.6210468 0.1856027 0.1801390 0.4492217 0.6807831 0.1981029 0.1495968 0.1486047 0.2030687 0.1193111 0.1261805 0.1242711 0.1346389 0.1243093 0.1080831 0.1218171 9.0000000 9.0000000 9.0000000 9.0000000 9.0000000 9.0000000 9.0000000 9.0000000 9.0000000 9.0000000 9.0000000 
Dynamis          0.2272313 0.2947807 0.2815233 0.1145441 0.1709136 0.1428077 0.0619245 0.0000000 0.8940917 0.2717520 0.0433810 0.1915253 0.1862576 0.1885546 2.4193795 0.9187883 0.1906322 0.1906322 0.0603861 0.0506758 0.0519069 2.4193795 0.3081867 0.2037325 2.4193795 0.1841723 0.1673031 0.1743067 0.2005396 0.1439892 0.2078523 0.1839424 0.1842691 0.1497302 0.1842174 0.1675731 0.1711076 2.4193795 0.2112954 0.1931046 0.5962892 1.4212777 0.1902889 0.1463780 0.1482756 0.2132101 0.1294384 0.1312554 0.1278909 0.1291112 0.1387389 0.1100674 0.1341922 9.0000000 9.0000000 9.0000000 9.0000000 9.0000000 9.0000000 9.0000000 9.0000000 9.0000000 9.0000000 9.0000000 
Euplatypus       1.2128768 0.9693049 1.0196718 1.2990696 0.8474726 0.8637304 0.7811705 0.8940917 0.0000000 1.4565479 0.9151144 0.9346713 0.9873998 0.6765197 0.3556810 0.0743817 0.6337509 0.6400508 0.7011220 0.6297814 0.6408875 0.3582050 0.7533207 0.5405527 0.1967560 0.7015610 0.6270471 0.5983705 0.7385559 0.7257287 0.6065116 0.6380047 0.6937333 0.5769457 0.5044542 0.6553372 0.5916127 0.3748549 0.5731867 1.0424833 1.8921015 0.2165007 0.5514235 0.9205349 0.8619421 1.0523443 0.8607967 0.8795420 0.6288579 0.7106133 0.6063918 0.8523577 0.6273312 0.2779496 0.1563398 0.1763886 0.1903688 0.2449959 0.1222588 0.0880577 0.1124631 0.6890198 0.0612093 0.2159465 
Cactophagus      0.3370689 0.2410689 0.2952138 0.3606479 0.0712239 0.2477294 0.2482626 0.2717520 1.4565479 0.0000000 0.2475008 0.0307384 0.0210699 0.0941255 1.6210468 1.5968581 0.0558282 0.0558282 0.2491284 0.2567644 0.2862284 1.6210468 0.3807192 0.1912947 1.6210468 0.0972120 0.1864785 0.1729958 0.2270700 0.2595948 0.2625578 0.0517431 0.0665488 0.2273453 0.2227435 0.2238483 0.0412275 1.6210468 0.1844280 0.0559361 0.0899387 0.6807831 0.2475865 0.1948966 0.1859452 0.1782878 0.2036511 0.1607471 0.1490971 0.1885131 0.1473279 0.1777919 0.1473746 9.0000000 9.0000000 9.0000000 9.0000000 9.0000000 9.0000000 9.0000000 9.0000000 9.0000000 9.0000000 9.0000000 
Rhynchophorus_3  0.2020424 0.2734599 0.3114647 0.1043040 0.1624926 0.1424916 0.0614819 0.0433810 0.9151144 0.2475008 0.0000000 0.1769693 0.1875404 0.1801680 0.1407701 0.7822639 0.1638815 0.1635771 0.0035709 0.0334945 0.0716310 0.1187062 0.2744827 0.1220984 0.0793223 0.1634189 0.1395025 0.1585030 0.1738315 0.1433343 0.1544762 0.1560487 0.1750761 0.1475823 0.1199713 0.1593352 0.1560024 0.1528983 0.1342462 0.1755035 0.2868292 0.1844239 0.1510637 0.1578261 0.1542224 0.2214991 0.1350556 0.1253660 0.1335057 0.1343387 0.1395129 0.1259152 0.1286617 0.0808002 0.0912276 0.0755031 0.0825169 0.0997889 0.0125578 0.0469691 0.0420840 0.0905724 0.0469690 0.0730918 
Rhodobaenus      0.2302140 0.2428373 0.2311627 0.2473311 0.0504709 0.1752895 0.1666909 0.1915253 0.9346713 0.0307384 0.1769693 0.0000000 0.0130009 0.0761630 1.6210468 0.9290887 0.0511748 0.0511748 0.2672786 0.1974236 0.1973715 1.6210468 0.3046757 0.1770280 1.6210468 0.0648854 0.1467923 0.1402768 0.1961971 0.1416311 0.1681732 0.0405082 0.0577040 0.1921886 0.1734923 0.1881401 0.0332618 1.6210468 0.1549867 0.0422135 0.1071951 0.6807831 0.2090686 0.1432591 0.1413605 0.1480221 0.1316790 0.1182809 0.1191017 0.1210464 0.1151803 0.1106416 0.1128430 9.0000000 9.0000000 9.0000000 9.0000000 9.0000000 9.0000000 9.0000000 9.0000000 9.0000000 9.0000000 9.0000000 
Rhodobaenus_2    0.2469736 0.2565295 0.2436752 0.2458751 0.0363066 0.1735925 0.1754261 0.1862576 0.9873998 0.0210699 0.1875404 0.0130009 0.0000000 0.0684032 1.6210468 0.9157875 0.0461357 0.0461357 0.3099339 0.2113210 0.1916371 1.6210468 0.3225590 0.1750932 1.6210468 0.0537943 0.1448556 0.1377930 0.2092127 0.1314956 0.1712792 0.0304900 0.0526028 0.1954726 0.1789200 0.1834658 0.0243817 1.6210468 0.1550509 0.0357303 0.1005684 0.6807831 0.2112464 0.1359425 0.1354246 0.1422716 0.1295387 0.1220862 0.1167335 0.1081074 0.1184194 0.1075445 0.1158557 9.0000000 9.0000000 9.0000000 9.0000000 9.0000000 9.0000000 9.0000000 9.0000000 9.0000000 9.0000000 9.0000000 
Sphenophorus     0.2715544 0.2728702 0.2430769 0.2631966 0.0517542 0.1781837 0.1859827 0.1885546 0.6765197 0.0941255 0.1801680 0.0761630 0.0684032 0.0000000 0.1054645 0.5533256 0.0386486 0.0401923 0.1473509 0.1260294 0.1704272 0.0833384 0.1855194 0.0958618 0.0537137 0.0469287 0.1176132 0.0998903 0.1600039 0.1089367 0.1252820 0.0509668 0.0614945 0.1312385 0.0852377 0.1399046 0.0439795 0.0262865 0.1000689 0.0586793 0.1170064 0.0359677 0.1296085 0.1455250 0.1469432 0.1457910 0.1468351 0.1412576 0.1063661 0.0970644 0.0984341 0.1218116 0.0971646 0.0928527 0.0474484 0.0356424 0.0418268 0.0807563 0.0304368 0.0380818 0.0265415 0.0099919 0.0163442 0.0395315 
Tryphetus        1.6210468 1.6210468 1.6210468 2.4216445 1.1884114 1.6210468 1.6210468 2.4193795 0.3556810 1.6210468 0.1407701 1.6210468 1.6210468 0.1054645 0.0000000 0.2207548 0.0849191 0.0868653 0.0671479 0.0778296 0.1105606 0.0618202 0.0691810 0.0395969 0.0313433 0.0855885 0.0485487 0.0490131 0.0870459 0.0428600 0.0578688 0.0909665 0.0833159 0.0514053 0.0407460 0.0660729 0.0849443 0.0741569 0.0465813 0.2019319 0.1804067 0.0136030 0.0553453 1.6210468 1.6210468 1.6210468 1.6210468 1.6210468 0.0571362 0.0444911 0.0419961 1.6210468 0.0424174 0.0615824 0.0351959 0.0379842 0.0364222 0.0627397 0.0243742 0.0296145 0.0235213 0.1099046 0.0056655 0.0212177 
Euplatypus_2     1.1434471 1.0097349 1.1213634 1.2828547 0.7592103 0.8119126 0.9009132 0.9187883 0.0743817 1.5968581 0.7822639 0.9290887 0.9157875 0.5533256 0.2207548 0.0000000 0.4865952 0.5117611 0.4887325 0.5126104 0.5536053 0.2277217 0.5926057 0.3824555 0.1243793 0.5034205 0.5899883 0.4914091 0.5517182 0.5126490 0.4464661 0.5222061 0.5847749 0.4395473 0.3906964 0.5047289 0.4798762 0.2431608 0.4297925 0.8804629 1.6045116 0.1463148 0.4437056 0.8261533 0.8332098 1.1037585 0.9641347 0.8675603 0.5078379 0.5158863 0.4492865 0.8391981 0.4738433 0.1867876 0.1081783 0.1159492 0.1133869 0.1462709 0.1020869 0.0504180 0.0616952 0.4715598 0.0353587 0.1264857 
Sphenophorus_2   0.2525477 0.1504241 0.2188562 0.2593970 0.0479013 0.1766285 0.1686391 0.1906322 0.6337509 0.0558282 0.1638815 0.0511748 0.0461357 0.0386486 0.0849191 0.4865952 0.0000000 0.0007320 0.1325868 0.1132680 0.1492959 0.0678834 0.1685504 0.0735676 0.0413447 0.0420288 0.0891736 0.0839676 0.1299485 0.0978243 0.0919455 0.0294650 0.0473898 0.1086853 0.0687655 0.1244962 0.0334292 0.0263763 0.0750726 0.0542552 0.0869920 0.0200468 0.1006952 0.1386477 0.1375872 0.1597621 0.1055642 0.1189100 0.0893169 0.0884246 0.0802378 0.1168770 0.0825587 0.0743736 0.0361835 0.0322831 0.0404266 0.0687291 0.0201595 0.0249734 0.0201551 0.0213906 0.0082870 0.0362333 
Sphenophorus_3   0.2525477 0.1504241 0.2188562 0.2593970 0.0479013 0.1766285 0.1686391 0.1906322 0.6400508 0.0558282 0.1635771 0.0511748 0.0461357 0.0401923 0.0868653 0.5117611 0.0007320 0.0000000 0.1344908 0.1133545 0.1505437 0.0692435 0.1675105 0.0745281 0.0421033 0.0431440 0.0913008 0.0860357 0.1323444 0.0995817 0.0926465 0.0293743 0.0474250 0.1100167 0.0682728 0.1285054 0.0340449 0.0276539 0.0755769 0.0546039 0.0856839 0.0203843 0.0997604 0.1386477 0.1375872 0.1597621 0.1055642 0.1189100 0.0906461 0.0908959 0.0824631 0.1168770 0.0828635 0.0746088 0.0361835 0.0344338 0.0410011 0.0698398 0.0232390 0.0249734 0.0210269 0.0219121 0.0085585 0.0379677 
Rhynchophorus_5  0.2882881 0.4023696 0.4479198 0.1391217 0.2714421 0.2175056 0.0804054 0.0603861 0.7011220 0.2491284 0.0035709 0.2672786 0.3099339 0.1473509 0.0671479 0.4887325 0.1325868 0.1344908 0.0000000 0.0236922 0.0658359 0.0635412 0.1953549 0.0896704 0.0541409 0.1292522 0.1658015 0.1234928 0.1528410 0.1087638 0.1282102 0.1259312 0.1346744 0.1080112 0.1015111 0.1333068 0.1256033 0.0806089 0.1125614 0.2273981 0.2822041 0.0339830 0.1296144 0.2267647 0.2164078 0.3664546 0.1959584 0.1593674 0.1033242 0.0975224 0.1037657 0.1693418 0.0960875 0.0343192 0.0411183 0.0427393 0.0443465 0.0570002 0.0099245 0.0293731 0.0274257 0.0923144 0.0146416 0.0382871 
Rhynchophorus_6  0.2163271 0.1865777 0.3495576 0.1197236 0.1859832 0.1573807 0.0665599 0.0506758 0.6297814 0.2567644 0.0334945 0.1974236 0.2113210 0.1260294 0.0778296 0.5126104 0.1132680 0.1133545 0.0236922 0.0000000 0.0709842 0.0556720 0.1835804 0.0833894 0.0501458 0.1191745 0.1106619 0.1015830 0.1104757 0.1006635 0.1085778 0.1074764 0.1137052 0.1086151 0.0873554 0.1166218 0.0984052 0.0724391 0.0953914 0.1715553 0.2588343 0.0339830 0.1001032 0.1767452 0.1721251 0.2422487 0.1184194 0.1343952 0.0920822 0.0944263 0.0991593 0.1335807 0.0937007 0.0487485 0.0462259 0.0372939 0.0394009 0.0557834 0.0058685 0.0268503 0.0246831 0.0728265 0.0146416 0.0377618 
Rhynchophorus_7  0.2556249 0.3176832 0.2974511 0.1043512 0.1698686 0.1559952 0.0680828 0.0519069 0.6408875 0.2862284 0.0716310 0.1973715 0.1916371 0.1704272 0.1105606 0.5536053 0.1492959 0.1505437 0.0658359 0.0709842 0.0000000 0.0877726 0.2369573 0.1260926 0.0676432 0.1437508 0.1334119 0.1277158 0.1648519 0.1231268 0.1420147 0.1474126 0.1674394 0.1447354 0.1151600 0.1494611 0.1560895 0.1175810 0.1362674 0.2033419 0.4363018 0.0335718 0.1367046 0.1643570 0.1688599 0.2290715 0.1318840 0.1400920 0.1213433 0.1142282 0.1171133 0.1084220 0.1169371 0.0483266 0.0478532 0.0557859 0.0572754 0.0872554 0.0232915 0.0339791 0.0406088 0.1465867 0.0082532 0.0590997 
Prodioctes       1.6210468 1.6210468 1.6210468 2.4216445 1.1884114 1.6210468 1.6210468 2.4193795 0.3582050 1.6210468 0.1187062 1.6210468 1.6210468 0.0833384 0.0618202 0.2277217 0.0678834 0.0692435 0.0635412 0.0556720 0.0877726 0.0000000 0.0938968 0.0465543 0.0430067 0.0671948 0.0915006 0.0646160 0.0878755 0.0617719 0.0691655 0.0727324 0.0750040 0.0776524 0.0460989 0.0891490 0.0749913 0.0604224 0.0482127 0.1477887 0.1470489 0.0155519 0.0639310 1.6210468 1.6210468 1.6210468 1.6210468 1.6210468 0.0769730 0.0650485 0.0589872 1.6210468 0.0640267 0.0512769 0.0369302 0.0347767 0.0383666 0.0580678 0.0228115 0.0201382 0.0238674 0.0803115 0.0115893 0.0347432 
Yuccaborus       0.3689979 0.2227330 0.2018557 0.3349384 0.2986341 0.3523321 0.2782322 0.3081867 0.7533207 0.3807192 0.2744827 0.3046757 0.3225590 0.1855194 0.0691810 0.5926057 0.1685504 0.1675105 0.1953549 0.1835804 0.2369573 0.0938968 0.0000000 0.1169667 0.0426363 0.1611751 0.2165930 0.1677509 0.1619923 0.1766193 0.1462614 0.1684672 0.1647334 0.1646241 0.1088139 0.1583194 0.1454403 0.0877046 0.1169666 0.2709954 0.4416500 0.0431059 0.1070259 0.2838417 0.2731346 0.3403256 0.2984446 0.2662916 0.1614044 0.1598351 0.1433522 0.2535627 0.1537449 0.0840747 0.0349754 0.0439697 0.0519442 0.0522157 0.0421676 0.0215484 0.0194229 0.1085735 0.0083223 0.0490981 
Dryophthorus     0.2816093 0.1667942 0.2385855 0.2929248 0.1555282 0.1973841 0.2018578 0.2037325 0.5405527 0.1912947 0.1220984 0.1770280 0.1750932 0.0958618 0.0395969 0.3824555 0.0735676 0.0745281 0.0896704 0.0833894 0.1260926 0.0465543 0.1169667 0.0000000 0.0085048 0.0833806 0.0933148 0.0708592 0.0828896 0.0810845 0.0725681 0.0780448 0.0808275 0.0908513 0.0449432 0.0797310 0.0729609 0.0410381 0.0424745 0.1297695 0.1800449 0.0257975 0.0720575 0.2064267 0.1967648 0.2008055 0.1158652 0.1644523 0.0754191 0.0718638 0.0723750 0.1455545 0.0723999 0.0286230 0.0280294 0.0221144 0.0182487 0.0264723 0.0221181 0.0000010 0.0063701 0.0379445 0.0027018 0.0144567 
Dryophthorus_2   1.6210468 1.6210468 1.6210468 2.4216445 1.1884114 1.6210468 1.6210468 2.4193795 0.1967560 1.6210468 0.0793223 1.6210468 1.6210468 0.0537137 0.0313433 0.1243793 0.0413447 0.0421033 0.0541409 0.0501458 0.0676432 0.0430067 0.0426363 0.0085048 0.0000000 0.0390560 0.0547854 0.0385813 0.0495849 0.0354339 0.0390290 0.0449397 0.0421969 0.0571100 0.0192921 0.0400430 0.0383246 0.0343145 0.0188453 0.0708880 0.0739514 0.0178549 0.0292912 1.6210468 1.6210468 1.6210468 1.6210468 1.6210468 0.0368457 0.0343836 0.0344067 1.6210468 0.0323224 0.0318140 0.0301962 0.0212190 0.0192338 0.0298607 0.0236482 0.0000010 0.0069526 0.0354019 0.0055296 0.0149911 
Metamasius_2     0.2397497 0.2549572 0.2544005 0.2410398 0.0416875 0.1708115 0.1628914 0.1841723 0.7015610 0.0972120 0.1634189 0.0648854 0.0537943 0.0469287 0.0855885 0.5034205 0.0420288 0.0431440 0.1292522 0.1191745 0.1437508 0.0671948 0.1611751 0.0833806 0.0390560 0.0000000 0.1050935 0.0879655 0.1288478 0.0915779 0.1047019 0.0427369 0.0613040 0.1219514 0.0764567 0.1227985 0.0397013 0.0375386 0.0910958 0.0676166 0.1203788 0.0248354 0.1127736 0.1230994 0.1275104 0.1239528 0.1371203 0.1122758 0.0956179 0.0839585 0.0822996 0.1125049 0.0854109 0.0692827 0.0351852 0.0293785 0.0332826 0.0722208 0.0243667 0.0225194 0.0188181 0.0371682 0.0083366 0.0366483 
Cryptoderma      0.1775436 0.1496752 0.2157577 0.2200389 0.1244395 0.1568164 0.1485479 0.1673031 0.6270471 0.1864785 0.1395025 0.1467923 0.1448556 0.1176132 0.0485487 0.5899883 0.0891736 0.0913008 0.1658015 0.1106619 0.1334119 0.0915006 0.2165930 0.0933148 0.0547854 0.1050935 0.0000000 0.0027377 0.1071469 0.1169454 0.1268717 0.0915210 0.0993974 0.1128425 0.0910647 0.1352815 0.0892470 0.0562904 0.0980671 0.1250188 0.1913803 0.6807831 0.1021988 0.1428044 0.1394558 0.1520437 0.1240224 0.1134551 0.0897606 0.1086346 0.0971772 0.1175000 0.0903021 9.0000000 0.0215999 0.0231387 0.0303912 0.0511116 0.0281631 0.0000010 0.0138565 0.0380763 9.0000000 0.0342130 
Cryptoderma_2    0.1817597 0.1531559 0.2303970 0.2292291 0.1151771 0.1583671 0.1547802 0.1743067 0.5983705 0.1729958 0.1585030 0.1402768 0.1377930 0.0998903 0.0490131 0.4914091 0.0839676 0.0860357 0.1234928 0.1015830 0.1277158 0.0646160 0.1677509 0.0708592 0.0385813 0.0879655 0.0027377 0.0000000 0.1116661 0.0976297 0.1045973 0.0863426 0.0903005 0.0960170 0.0700983 0.1263129 0.0828734 0.0612812 0.0783504 0.1331857 0.1991007 0.0287115 0.0854407 0.1465625 0.1430802 0.1582203 0.1263014 0.1189317 0.0878398 0.0907560 0.0814288 0.1240038 0.0819961 0.0651247 0.0325959 0.0375767 0.0374002 0.0595912 0.0252275 0.0194134 0.0164705 0.0670395 0.0069403 0.0363558 
Orthognathus     0.2898155 0.1544792 0.2314413 0.2733835 0.1770836 0.1905385 0.1854417 0.2005396 0.7385559 0.2270700 0.1738315 0.1961971 0.2092127 0.1600039 0.0870459 0.5517182 0.1299485 0.1323444 0.1528410 0.1104757 0.1648519 0.0878755 0.1619923 0.0828896 0.0495849 0.1288478 0.1071469 0.1116661 0.0000000 0.1466285 0.0966911 0.1202720 0.1207999 0.1099658 0.0739274 0.0903525 0.1123583 0.1011023 0.0833411 0.2131950 0.3169541 0.0494864 0.0724591 0.2276592 0.2231810 0.1644691 0.1114998 0.1491237 0.1075607 0.1315412 0.1167099 0.1442240 0.1225321 0.0768998 0.0383367 0.0455136 0.0466273 0.0709033 0.0271158 0.0224740 0.0193526 0.1154146 0.0068406 0.0604421 
Sitophilus       0.2064232 0.3070647 0.2574941 0.1922121 0.1227872 0.1667513 0.1454912 0.1439892 0.7257287 0.2595948 0.1433343 0.1416311 0.1314956 0.1089367 0.0428600 0.5126490 0.0978243 0.0995817 0.1087638 0.1006635 0.1231268 0.0617719 0.1766193 0.0810845 0.0354339 0.0915779 0.1169454 0.0976297 0.1466285 0.0000000 0.0981077 0.1028620 0.1079123 0.0911382 0.0852158 0.1144119 0.0936074 0.0632093 0.0930913 0.1348138 0.2514340 0.0282997 0.1051857 0.1304320 0.1313210 0.1767189 0.0136700 0.0379402 0.0239098 0.0206852 0.0338832 0.0238734 0.0240212 0.0758274 0.0320317 0.0339437 0.0303455 0.0610157 0.0255581 0.0168613 0.0179073 0.0724571 0.0068494 0.0065737 
Nephius          0.2624511 0.1815789 0.2894453 0.2791346 0.1505513 0.2508646 0.1949165 0.2078523 0.6065116 0.2625578 0.1544762 0.1681732 0.1712792 0.1252820 0.0578688 0.4464661 0.0919455 0.0926465 0.1282102 0.1085778 0.1420147 0.0691655 0.1462614 0.0725681 0.0390290 0.1047019 0.1268717 0.1045973 0.0966911 0.0981077 0.0000000 0.0966283 0.1046999 0.1159182 0.0688349 0.1079437 0.0929244 0.0614951 0.0776630 0.1437273 0.1961685 0.0439833 0.0889010 0.2181237 0.2147334 0.2676497 0.1130088 0.1470467 0.0846973 0.0918310 0.0854360 0.1578068 0.0890222 0.0535705 0.0383177 0.0377179 0.0400452 0.0474137 0.0328924 0.0191164 0.0168462 0.0506021 0.0053993 0.0290125 
Metamasius_3     0.2371115 0.1428934 0.2144926 0.2252832 0.0194218 0.1685754 0.1566403 0.1839424 0.6380047 0.0517431 0.1560487 0.0405082 0.0304900 0.0509668 0.0909665 0.5222061 0.0294650 0.0293743 0.1259312 0.1074764 0.1474126 0.0727324 0.1684672 0.0780448 0.0449397 0.0427369 0.0915210 0.0863426 0.1202720 0.1028620 0.0966283 0.0000000 0.0434702 0.1142785 0.0699639 0.1200472 0.0349811 0.0387490 0.0748591 0.0556316 0.0948093 0.0275219 0.1013709 0.1265393 0.1258742 0.1302279 0.1026577 0.0982989 0.0947211 0.0943977 0.0796986 0.1126490 0.0909444 0.0848838 0.0383410 0.0406819 0.0495811 0.0786069 0.0217404 0.0260002 0.0253686 0.0356503 0.0113212 0.0476987 
Acantharhinus    0.2715945 0.1641659 0.2702993 0.2508518 0.0628049 0.1840835 0.1654700 0.1842691 0.6937333 0.0665488 0.1750761 0.0577040 0.0526028 0.0614945 0.0833159 0.5847749 0.0473898 0.0474250 0.1346744 0.1137052 0.1674394 0.0750040 0.1647334 0.0808275 0.0421969 0.0613040 0.0993974 0.0903005 0.1207999 0.1079123 0.1046999 0.0434702 0.0000000 0.1196701 0.0707169 0.1215611 0.0427956 0.0435195 0.0784867 0.0655554 0.1092800 0.0277771 0.0960323 0.1693802 0.1688815 0.1371683 0.1117471 0.1293615 0.0944342 0.0969245 0.0835996 0.1241852 0.0890031 0.0780599 0.0388995 0.0335621 0.0481932 0.0728066 0.0233956 0.0246763 0.0245266 0.0420746 0.0097667 0.0391694 
Polytus          0.2226606 0.1708608 0.2727845 0.2443191 0.1728321 0.2200414 0.1595619 0.1497302 0.5769457 0.2273453 0.1475823 0.1921886 0.1954726 0.1312385 0.0514053 0.4395473 0.1086853 0.1100167 0.1080112 0.1086151 0.1447354 0.0776524 0.1646241 0.0908513 0.0571100 0.1219514 0.1128425 0.0960170 0.1099658 0.0911382 0.1159182 0.1142785 0.1196701 0.0000000 0.0924247 0.1175359 0.1067172 0.0850355 0.1022622 0.1990607 0.2762292 0.0231255 0.0989212 0.1705608 0.1674202 0.2072383 0.1038030 0.1245003 0.0824148 0.0867464 0.0772157 0.1181603 0.0803851 0.0638779 0.0523210 0.0481375 0.0431789 0.0528539 0.0383804 0.0306116 0.0306100 0.1144980 0.0040328 0.0301344 
Orthosinus       0.2439687 0.1502062 0.2414277 0.3016645 0.1569001 0.2177941 0.1899285 0.1842174 0.5044542 0.2227435 0.1199713 0.1734923 0.1789200 0.0852377 0.0407460 0.3906964 0.0687655 0.0682728 0.1015111 0.0873554 0.1151600 0.0460989 0.1088139 0.0449432 0.0192921 0.0764567 0.0910647 0.0700983 0.0739274 0.0852158 0.0688349 0.0699639 0.0707169 0.0924247 0.0000000 0.0783235 0.0680379 0.0300350 0.0285177 0.1150108 0.1690419 0.0255376 0.0716720 0.2043885 0.2007261 0.1615171 0.1151794 0.1493619 0.0742845 0.0805159 0.0756559 0.1537525 0.0762731 0.0303820 0.0314378 0.0177558 0.0156159 0.0280026 0.0221223 0.0112992 0.0064179 0.0243301 0.0026774 0.0176626 
Mesocordylus     0.2397518 0.2229342 0.2314526 0.2268568 0.1506288 0.1815511 0.1641638 0.1675731 0.6553372 0.2238483 0.1593352 0.1881401 0.1834658 0.1399046 0.0660729 0.5047289 0.1244962 0.1285054 0.1333068 0.1166218 0.1494611 0.0891490 0.1583194 0.0797310 0.0400430 0.1227985 0.1352815 0.1263129 0.0903525 0.1144119 0.1079437 0.1200472 0.1215611 0.1175359 0.0783235 0.0000000 0.1077400 0.0865618 0.0764664 0.1858545 0.3452046 0.0231040 0.0817959 0.1736288 0.1673897 0.1883806 0.1594448 0.1515287 0.1040805 0.1029070 0.1027501 0.1313847 0.1001832 0.0709460 0.0354527 0.0469377 0.0388543 0.0661940 0.0441642 0.0226313 0.0145610 0.1093742 0.0026992 0.0450885 
Metamasius_4     0.2112631 0.1416379 0.2041622 0.2306556 0.0493754 0.1579103 0.1518915 0.1711076 0.5916127 0.0412275 0.1560024 0.0332618 0.0243817 0.0439795 0.0849443 0.4798762 0.0334292 0.0340449 0.1256033 0.0984052 0.1560895 0.0749913 0.1454403 0.0729609 0.0383246 0.0397013 0.0892470 0.0828734 0.1123583 0.0936074 0.0929244 0.0349811 0.0427956 0.1067172 0.0680379 0.1077400 0.0000000 0.0257701 0.0689460 0.0403486 0.0698289 0.0154724 0.0947959 0.1214564 0.1209632 0.1259030 0.1066596 0.1061443 0.0855732 0.0848608 0.0740793 0.1105648 0.0789357 0.0769320 0.0358946 0.0307849 0.0397951 0.0674048 0.0218663 0.0236838 0.0176211 0.0253212 0.0068770 0.0361236 
Cactophagus_2    1.6210468 1.6210468 1.6210468 2.4216445 1.1884114 1.6210468 1.6210468 2.4193795 0.3748549 1.6210468 0.1528983 1.6210468 1.6210468 0.0262865 0.0741569 0.2431608 0.0263763 0.0276539 0.0806089 0.0724391 0.1175810 0.0604224 0.0877046 0.0410381 0.0343145 0.0375386 0.0562904 0.0612812 0.1011023 0.0632093 0.0614951 0.0387490 0.0435195 0.0850355 0.0300350 0.0865618 0.0257701 0.0000000 0.0406033 0.0222629 0.0543108 0.0041932 0.0620910 1.6210468 1.6210468 1.6210468 1.6210468 1.6210468 0.0776568 0.0628501 0.0583539 1.6210468 0.0629381 0.0814243 0.0343362 0.0285291 0.0373644 0.0642578 0.0232390 0.0258818 0.0195921 0.0099550 0.0069784 0.0329074 
Stromboscerini   0.2830834 0.1531500 0.2147106 0.2922178 0.1419153 0.1861907 0.1856027 0.2112954 0.5731867 0.1844280 0.1342462 0.1549867 0.1550509 0.1000689 0.0465813 0.4297925 0.0750726 0.0755769 0.1125614 0.0953914 0.1362674 0.0482127 0.1169666 0.0424745 0.0188453 0.0910958 0.0980671 0.0783504 0.0833411 0.0930913 0.0776630 0.0748591 0.0784867 0.1022622 0.0285177 0.0764664 0.0689460 0.0406033 0.0000000 0.1199232 0.1828408 0.0221284 0.0829893 0.1895866 0.1831996 0.2012113 0.1100546 0.1544381 0.0793094 0.0817838 0.0784910 0.1458694 0.0803314 0.0275763 0.0308488 0.0218714 0.0197360 0.0246693 0.0240328 0.0047951 0.0000010 0.0344562 0.0014501 0.0173508 
Cactophagus_3    0.2416716 0.2519177 0.2354320 0.2597037 0.0482402 0.1622503 0.1801390 0.1931046 1.0424833 0.0559361 0.1755035 0.0422135 0.0357303 0.0586793 0.2019319 0.8804629 0.0542552 0.0546039 0.2273981 0.1715553 0.2033419 0.1477887 0.2709954 0.1297695 0.0708880 0.0676166 0.1250188 0.1331857 0.2131950 0.1348138 0.1437273 0.0556316 0.0655554 0.1990607 0.1150108 0.1858545 0.0403486 0.0222629 0.1199232 0.0000000 0.0825110 0.3862531 0.1763938 0.1659353 0.1605906 0.1348696 0.1373749 0.1244169 0.1341440 0.1201503 0.1170842 0.1111415 0.1178110 0.3893315 0.0998353 0.0545633 0.0765686 0.1455687 0.0327367 0.0579088 0.0338200 0.0073693 0.0000010 0.0670229 
Sphenophorus_5   0.5388111 0.4779101 0.5128802 0.6708796 0.1574268 0.5073340 0.4492217 0.5962892 1.8921015 0.0899387 0.2868292 0.1071951 0.1005684 0.1170064 0.1804067 1.6045116 0.0869920 0.0856839 0.2822041 0.2588343 0.4363018 0.1470489 0.4416500 0.1800449 0.0739514 0.1203788 0.1913803 0.1991007 0.3169541 0.2514340 0.1961685 0.0948093 0.1092800 0.2762292 0.1690419 0.3452046 0.0698289 0.0543108 0.1828408 0.0825110 0.0000000 0.3990962 0.2680550 0.3363555 0.3236780 0.3951537 0.2875195 0.2905837 0.2016771 0.2174091 0.1949116 0.3505294 0.1875411 0.5568739 0.1042311 0.0516654 0.0795975 0.1436927 0.0294515 0.0633108 0.0341589 0.0169745 0.0000010 0.0700197 
Tapinostethus    0.6807831 0.6807831 0.6807831 1.4101025 0.4732071 0.6807831 0.6807831 1.4212777 0.2165007 0.6807831 0.1844239 0.6807831 0.6807831 0.0359677 0.0136030 0.1463148 0.0200468 0.0203843 0.0339830 0.0339830 0.0335718 0.0155519 0.0431059 0.0257975 0.0178549 0.0248354 0.6807831 0.0287115 0.0494864 0.0282997 0.0439833 0.0275219 0.0277771 0.0231255 0.0255376 0.0231040 0.0154724 0.0041932 0.0221284 0.3862531 0.3990962 0.0000000 0.0367251 0.6807831 0.6807831 0.6807831 0.6807831 0.6807831 0.0361097 0.0282541 0.0231255 0.6807831 0.0310516 0.0163209 0.0192157 0.0128205 0.0152490 0.0113353 9.0000000 0.0000010 0.0068129 0.0000010 0.0070615 0.0097103 
Sipalinus        0.2378561 0.1349006 0.2151601 0.2424497 0.1650521 0.2418104 0.1981029 0.1902889 0.5514235 0.2475865 0.1510637 0.2090686 0.2112464 0.1296085 0.0553453 0.4437056 0.1006952 0.0997604 0.1296144 0.1001032 0.1367046 0.0639310 0.1070259 0.0720575 0.0292912 0.1127736 0.1021988 0.0854407 0.0724591 0.1051857 0.0889010 0.1013709 0.0960323 0.0989212 0.0716720 0.0817959 0.0947959 0.0620910 0.0829893 0.1763938 0.2680550 0.0367251 0.0000000 0.2036280 0.1951893 0.2256747 0.1180311 0.1623119 0.0894167 0.0948265 0.0885143 0.1566899 0.0874941 0.0439154 0.0293114 0.0324708 0.0330045 0.0334584 0.0348344 0.0143192 0.0158170 0.0631472 0.0000010 0.0264089 
Scyphophorus     0.2355074 0.2585862 0.2394236 0.2136183 0.1319479 0.1731187 0.1495968 0.1463780 0.9205349 0.1948966 0.1578261 0.1432591 0.1359425 0.1455250 1.6210468 0.8261533 0.1386477 0.1386477 0.2267647 0.1767452 0.1643570 1.6210468 0.2838417 0.2064267 1.6210468 0.1230994 0.1428044 0.1465625 0.2276592 0.1304320 0.2181237 0.1265393 0.1693802 0.1705608 0.2043885 0.1736288 0.1214564 1.6210468 0.1895866 0.1659353 0.3363555 0.6807831 0.2036280 0.0000000 0.0063006 0.1723045 0.1161451 0.1154505 0.1234610 0.1226134 0.1253140 0.1094418 0.1210681 9.0000000 9.0000000 9.0000000 9.0000000 9.0000000 9.0000000 9.0000000 9.0000000 9.0000000 9.0000000 9.0000000 
Scyphophorus_2   0.2341913 0.2619376 0.2354428 0.2135589 0.1388364 0.1774471 0.1486047 0.1482756 0.8619421 0.1859452 0.1542224 0.1413605 0.1354246 0.1469432 1.6210468 0.8332098 0.1375872 0.1375872 0.2164078 0.1721251 0.1688599 1.6210468 0.2731346 0.1967648 1.6210468 0.1275104 0.1394558 0.1430802 0.2231810 0.1313210 0.2147334 0.1258742 0.1688815 0.1674202 0.2007261 0.1673897 0.1209632 1.6210468 0.1831996 0.1605906 0.3236780 0.6807831 0.1951893 0.0063006 0.0000000 0.1847641 0.1142501 0.1111183 0.1233487 0.1248167 0.1272011 0.1093953 0.1230490 9.0000000 9.0000000 9.0000000 9.0000000 9.0000000 9.0000000 9.0000000 9.0000000 9.0000000 9.0000000 9.0000000 
Rhabdoscelus     0.2753106 0.2737127 0.2710640 0.2915380 0.1406506 0.1787019 0.2030687 0.2132101 1.0523443 0.1782878 0.2214991 0.1480221 0.1422716 0.1457910 1.6210468 1.1037585 0.1597621 0.1597621 0.3664546 0.2422487 0.2290715 1.6210468 0.3403256 0.2008055 1.6210468 0.1239528 0.1520437 0.1582203 0.1644691 0.1767189 0.2676497 0.1302279 0.1371683 0.2072383 0.1615171 0.1883806 0.1259030 1.6210468 0.2012113 0.1348696 0.3951537 0.6807831 0.2256747 0.1723045 0.1847641 0.0000000 0.1591878 0.1472179 0.1536829 0.1448725 0.1550299 0.1191724 0.1519414 9.0000000 9.0000000 9.0000000 9.0000000 9.0000000 9.0000000 9.0000000 9.0000000 9.0000000 9.0000000 9.0000000 
Sitophilus_2     0.1633943 0.1527308 0.2189377 0.1613333 0.1092279 0.1388655 0.1193111 0.1294384 0.8607967 0.2036511 0.1350556 0.1316790 0.1295387 0.1468351 1.6210468 0.9641347 0.1055642 0.1055642 0.1959584 0.1184194 0.1318840 1.6210468 0.2984446 0.1158652 1.6210468 0.1371203 0.1240224 0.1263014 0.1114998 0.0136700 0.1130088 0.1026577 0.1117471 0.1038030 0.1151794 0.1594448 0.1066596 1.6210468 0.1100546 0.1373749 0.2875195 0.6807831 0.1180311 0.1161451 0.1142501 0.1591878 0.0000000 0.0302317 0.0179020 0.0318248 0.0336762 0.0241140 0.0317663 9.0000000 9.0000000 9.0000000 9.0000000 9.0000000 9.0000000 9.0000000 9.0000000 9.0000000 9.0000000 9.0000000 
Sitophilus_3     0.1677952 0.2168254 0.2014880 0.1749229 0.0974487 0.1300657 0.1261805 0.1312554 0.8795420 0.1607471 0.1253660 0.1182809 0.1220862 0.1412576 1.6210468 0.8675603 0.1189100 0.1189100 0.1593674 0.1343952 0.1400920 1.6210468 0.2662916 0.1644523 1.6210468 0.1122758 0.1134551 0.1189317 0.1491237 0.0379402 0.1470467 0.0982989 0.1293615 0.1245003 0.1493619 0.1515287 0.1061443 1.6210468 0.1544381 0.1244169 0.2905837 0.6807831 0.1623119 0.1154505 0.1111183 0.1472179 0.0302317 0.0000000 0.0133105 0.0189230 0.0170395 0.0114984 0.0170810 9.0000000 9.0000000 9.0000000 9.0000000 9.0000000 9.0000000 9.0000000 9.0000000 9.0000000 9.0000000 9.0000000 
Sitophilus_4     0.1760517 0.1518368 0.2022907 0.1725664 0.0984256 0.1394724 0.1242711 0.1278909 0.6288579 0.1490971 0.1335057 0.1191017 0.1167335 0.1063661 0.0571362 0.5078379 0.0893169 0.0906461 0.1033242 0.0920822 0.1213433 0.0769730 0.1614044 0.0754191 0.0368457 0.0956179 0.0897606 0.0878398 0.1075607 0.0239098 0.0846973 0.0947211 0.0944342 0.0824148 0.0742845 0.1040805 0.0855732 0.0776568 0.0793094 0.1341440 0.2016771 0.0361097 0.0894167 0.1234610 0.1233487 0.1536829 0.0179020 0.0133105 0.0000000 0.0102742 0.0253163 0.0056904 0.0110157 0.0762937 0.0358639 0.0390037 0.0338959 0.0663571 0.0276558 0.0228103 0.0224275 0.0855466 0.0090764 0.0069588 
Sitophilus_5     0.1943758 0.2493817 0.2183616 0.1811666 0.0947206 0.1332701 0.1346389 0.1291112 0.7106133 0.1885131 0.1343387 0.1210464 0.1081074 0.0970644 0.0444911 0.5158863 0.0884246 0.0908959 0.0975224 0.0944263 0.1142282 0.0650485 0.1598351 0.0718638 0.0343836 0.0839585 0.1086346 0.0907560 0.1315412 0.0206852 0.0918310 0.0943977 0.0969245 0.0867464 0.0805159 0.1029070 0.0848608 0.0628501 0.0817838 0.1201503 0.2174091 0.0282541 0.0948265 0.1226134 0.1248167 0.1448725 0.0318248 0.0189230 0.0102742 0.0000000 0.0207680 0.0057010 0.0115713 0.0678560 0.0310498 0.0346033 0.0315479 0.0644159 0.0271794 0.0158833 0.0185256 0.0690356 0.0068406 0.0044850 
Sitophilus_6     0.1625466 0.2119220 0.2076966 0.1843988 0.1026199 0.1296611 0.1243093 0.1387389 0.6063918 0.1473279 0.1395129 0.1151803 0.1184194 0.0984341 0.0419961 0.4492865 0.0802378 0.0824631 0.1037657 0.0991593 0.1171133 0.0589872 0.1433522 0.0723750 0.0344067 0.0822996 0.0971772 0.0814288 0.1167099 0.0338832 0.0854360 0.0796986 0.0835996 0.0772157 0.0756559 0.1027501 0.0740793 0.0583539 0.0784910 0.1170842 0.1949116 0.0231255 0.0885143 0.1253140 0.1272011 0.1550299 0.0336762 0.0170395 0.0253163 0.0207680 0.0000000 0.0014119 0.0181146 0.0561594 0.0298190 0.0306368 0.0261240 0.0609427 0.0270074 0.0159730 0.0167102 0.0672533 0.0040328 0.0172201 
Sitophilus_7     0.1440931 0.2072559 0.1993253 0.1575741 0.0874175 0.1058143 0.1080831 0.1100674 0.8523577 0.1777919 0.1259152 0.1106416 0.1075445 0.1218116 1.6210468 0.8391981 0.1168770 0.1168770 0.1693418 0.1335807 0.1084220 1.6210468 0.2535627 0.1455545 1.6210468 0.1125049 0.1175000 0.1240038 0.1442240 0.0238734 0.1578068 0.1126490 0.1241852 0.1181603 0.1537525 0.1313847 0.1105648 1.6210468 0.1458694 0.1111415 0.3505294 0.6807831 0.1566899 0.1094418 0.1093953 0.1191724 0.0241140 0.0114984 0.0056904 0.0057010 0.0014119 0.0000000 0.0000010 9.0000000 9.0000000 9.0000000 9.0000000 9.0000000 9.0000000 9.0000000 9.0000000 9.0000000 9.0000000 9.0000000 
Sitophilus_9     0.1592646 0.2183740 0.2053741 0.1804112 0.1021644 0.1269201 0.1218171 0.1341922 0.6273312 0.1473746 0.1286617 0.1128430 0.1158557 0.0971646 0.0424174 0.4738433 0.0825587 0.0828635 0.0960875 0.0937007 0.1169371 0.0640267 0.1537449 0.0723999 0.0323224 0.0854109 0.0903021 0.0819961 0.1225321 0.0240212 0.0890222 0.0909444 0.0890031 0.0803851 0.0762731 0.1001832 0.0789357 0.0629381 0.0803314 0.1178110 0.1875411 0.0310516 0.0874941 0.1210681 0.1230490 0.1519414 0.0317663 0.0170810 0.0110157 0.0115713 0.0181146 0.0000010 0.0000000 0.0701840 0.0302518 0.0338837 0.0298369 0.0642686 0.0217277 0.0168613 0.0185619 0.0681427 0.0083223 0.0045558 
Rhynchophorus_4  9.0000000 9.0000000 9.0000000 9.0000000 9.0000000 9.0000000 9.0000000 9.0000000 0.2779496 9.0000000 0.0808002 9.0000000 9.0000000 0.0928527 0.0615824 0.1867876 0.0743736 0.0746088 0.0343192 0.0487485 0.0483266 0.0512769 0.0840747 0.0286230 0.0318140 0.0692827 9.0000000 0.0651247 0.0768998 0.0758274 0.0535705 0.0848838 0.0780599 0.0638779 0.0303820 0.0709460 0.0769320 0.0814243 0.0275763 0.3893315 0.5568739 0.0163209 0.0439154 9.0000000 9.0000000 9.0000000 9.0000000 9.0000000 0.0762937 0.0678560 0.0561594 9.0000000 0.0701840 0.0000000 0.0538320 0.0743014 0.0584933 0.0903055 9.0000000 0.0416425 0.0300751 0.3503686 0.0166843 0.0701840 
Rhinostomus_3    9.0000000 9.0000000 9.0000000 9.0000000 9.0000000 9.0000000 9.0000000 9.0000000 0.1563398 9.0000000 0.0912276 9.0000000 9.0000000 0.0474484 0.0351959 0.1081783 0.0361835 0.0361835 0.0411183 0.0462259 0.0478532 0.0369302 0.0349754 0.0280294 0.0301962 0.0351852 0.0215999 0.0325959 0.0383367 0.0320317 0.0383177 0.0383410 0.0388995 0.0523210 0.0314378 0.0354527 0.0358946 0.0343362 0.0308488 0.0998353 0.1042311 0.0192157 0.0293114 9.0000000 9.0000000 9.0000000 9.0000000 9.0000000 0.0358639 0.0310498 0.0298190 9.0000000 0.0302518 0.0538320 0.0000000 0.0412887 0.0362175 0.0378982 0.0160501 0.0376375 0.0328347 0.1004657 0.0149839 0.0302518 
Poteriophorus    9.0000000 9.0000000 9.0000000 9.0000000 9.0000000 9.0000000 9.0000000 9.0000000 0.1763886 9.0000000 0.0755031 9.0000000 9.0000000 0.0356424 0.0379842 0.1159492 0.0322831 0.0344338 0.0427393 0.0372939 0.0557859 0.0347767 0.0439697 0.0221144 0.0212190 0.0293785 0.0231387 0.0375767 0.0455136 0.0339437 0.0377179 0.0406819 0.0335621 0.0481375 0.0177558 0.0469377 0.0307849 0.0285291 0.0218714 0.0545633 0.0516654 0.0128205 0.0324708 9.0000000 9.0000000 9.0000000 9.0000000 9.0000000 0.0390037 0.0346033 0.0306368 9.0000000 0.0338837 0.0743014 0.0412887 0.0000000 0.0364994 0.0632445 0.0279746 0.0251447 0.0216109 0.0593123 0.0145440 0.0331030 
Trigonotarsus    9.0000000 9.0000000 9.0000000 9.0000000 9.0000000 9.0000000 9.0000000 9.0000000 0.1903688 9.0000000 0.0825169 9.0000000 9.0000000 0.0418268 0.0364222 0.1133869 0.0404266 0.0410011 0.0443465 0.0394009 0.0572754 0.0383666 0.0519442 0.0182487 0.0192338 0.0332826 0.0303912 0.0374002 0.0466273 0.0303455 0.0400452 0.0495811 0.0481932 0.0431789 0.0156159 0.0388543 0.0397951 0.0373644 0.0197360 0.0765686 0.0795975 0.0152490 0.0330045 9.0000000 9.0000000 9.0000000 9.0000000 9.0000000 0.0338959 0.0315479 0.0261240 9.0000000 0.0298369 0.0584933 0.0362175 0.0364994 0.0000000 0.0641262 0.0291296 0.0180927 0.0203618 0.0772774 0.0043994 0.0290859 
Rhinostomus_4    9.0000000 9.0000000 9.0000000 9.0000000 9.0000000 9.0000000 9.0000000 9.0000000 0.2449959 9.0000000 0.0997889 9.0000000 9.0000000 0.0807563 0.0627397 0.1462709 0.0687291 0.0698398 0.0570002 0.0557834 0.0872554 0.0580678 0.0522157 0.0264723 0.0298607 0.0722208 0.0511116 0.0595912 0.0709033 0.0610157 0.0474137 0.0786069 0.0728066 0.0528539 0.0280026 0.0661940 0.0674048 0.0642578 0.0246693 0.1455687 0.1436927 0.0113353 0.0334584 9.0000000 9.0000000 9.0000000 9.0000000 9.0000000 0.0663571 0.0644159 0.0609427 9.0000000 0.0642686 0.0903055 0.0378982 0.0632445 0.0641262 0.0000000 0.0255265 0.0315163 0.0263244 0.1494529 0.0085391 0.0634458 
Cyrtotrachelus   9.0000000 9.0000000 9.0000000 9.0000000 9.0000000 9.0000000 9.0000000 9.0000000 0.1222588 9.0000000 0.0125578 9.0000000 9.0000000 0.0304368 0.0243742 0.1020869 0.0201595 0.0232390 0.0099245 0.0058685 0.0232915 0.0228115 0.0421676 0.0221181 0.0236482 0.0243667 0.0281631 0.0252275 0.0271158 0.0255581 0.0328924 0.0217404 0.0233956 0.0383804 0.0221223 0.0441642 0.0218663 0.0232390 0.0240328 0.0327367 0.0294515 9.0000000 0.0348344 9.0000000 9.0000000 9.0000000 9.0000000 9.0000000 0.0276558 0.0271794 0.0270074 9.0000000 0.0217277 9.0000000 0.0160501 0.0279746 0.0291296 0.0255265 0.0000000 0.0000010 0.0234850 0.0378880 9.0000000 0.0239544 
Dryophthorus_3   9.0000000 9.0000000 9.0000000 9.0000000 9.0000000 9.0000000 9.0000000 9.0000000 0.0880577 9.0000000 0.0469691 9.0000000 9.0000000 0.0380818 0.0296145 0.0504180 0.0249734 0.0249734 0.0293731 0.0268503 0.0339791 0.0201382 0.0215484 0.0000010 0.0000010 0.0225194 0.0000010 0.0194134 0.0224740 0.0168613 0.0191164 0.0260002 0.0246763 0.0306116 0.0112992 0.0226313 0.0236838 0.0258818 0.0047951 0.0579088 0.0633108 0.0000010 0.0143192 9.0000000 9.0000000 9.0000000 9.0000000 9.0000000 0.0228103 0.0158833 0.0159730 9.0000000 0.0168613 0.0416425 0.0376375 0.0251447 0.0180927 0.0315163 0.0000010 0.0000000 0.0047862 0.0583532 0.0000010 0.0168613 
